0.174
0.094
0.092
0.09
0.09
0.088
0.088
0.088
0.086
0.086
0.09
0.092
0.09
0.09
0.092
0.094
0.072
0.1
0.112
0.098
0.098
0.09
0.084
0.082
0.084
0.096
0.094
0.088
0.09
0.086
0.088
0.086
0.084
0.084
0.086
0.084
0.084
0.09
0.088
0.092
0.09
0.088
0.088
0.09
0.084
0.086
0.082
0.082
0.082
0.09
0.09
0.084
0.086
0.084
0.084
0.084
0.082
0.082
0.082
0.082
0.082
0.084
0.084
0.084
0.082
0.082
0.082
0.084
0.082
0.082
0.082
0.078
0.078
0.084
0.082
0.082
0.08
0.074
0.076
0.08
0.078
0.078
0.078
0.078
0.08
0.078
0.078
0.08
0.082
0.08
0.082
0.08
0.082
0.084
0.082
0.078
0.078
0.084
0.084
0.084
0.082
0.082
0.082
0.08
0.08
0.08
0.08
0.08
0.08
0.078
0.078
0.078
0.078
0.078
0.08
0.08
0.078
0.076
0.074
0.074
0.074
0.076
0.08
0.084
0.094
0.09
0.09
0.09
0.088
0.088
0.096
0.084
0.086
0.09
0.086
0.086
0.086
0.082
0.084
0.086
0.082
0.084
0.082
0.082
0.086
0.086
0.092
0.1
0.092
0.09
0.086
0.08
0.082
0.084
0.082
0.08
0.08
0.084
0.086
0.086
0.086
0.09
0.092
0.096
0.094
0.096
0.094
0.088
0.086
0.092
0.092
0.094
0.1
0.09
0.088
0.084
0.088
0.084
0.086
0.086
0.086
0.086
0.082
0.08
0.082
0.082
0.082
0.088
0.086
0.088
0.09
0.09
0.092
0.104
0.096
0.094
0.094
0.09
0.086
0.09
0.09
0.086
0.086
0.086
0.088
0.086
0.1
0.094
0.092
0.096
0.094
0.092
0.092
0.094
0.096
0.096
0.094
0.096
0.09
0.096
0.09
0.09
0.084
0.082
0.092
0.082
0.082
0.084
0.076
0.088
0.088
0.088
0.088
0.084
0.086
0.088
0.088
0.09
0.092
0.092
0.092
0.088
0.084
0.084
0.082
0.082
0.082
0.082
0.08
0.08
0.08
0.082
0.082
0.082
0.082
0.082
0.082
0.08
0.08
0.08
0.078
0.078
0.078
0.08
0.078
0.08
0.082
0.084
0.08
0.078
0.08
0.076
0.078
0.078
0.076
0.078
0.078
0.078
0.08
0.08
0.084
0.082
0.08
0.076
0.076
0.076
0.076
0.076
0.076
0.084
0.078
0.08
0.08
0.082
0.09
0.084
0.082
0.078
0.078
0.082
0.086
0.088
0.098
0.094
0.096
0.098
0.088
0.09
0.092
0.088
0.084
0.084
0.088
0.088
0.094
0.098
0.092
0.09
0.092
0.086
0.084
0.08
0.082
0.086
0.086
0.086
0.092
0.092
0.094
0.086
0.088
0.09
0.086
0.088
0.09
0.092
0.09
0.088
0.094
0.09
0.088
0.086
0.09
0.1
0.088
0.084
0.082
0.084
0.092
0.092
0.092
0.098
0.098
0.1
0.1
0.1
0.136
0.1
0.1
0.118
0.112
0.1
0.108
0.1
0.1
0.096
0.098
0.1
0.094
0.09
0.092
0.094
0.092
0.096
0.102
0.108
0.098
0.118
0.116
0.136
0.15
0.124
0.128
0.1
0.1
0.118
0.11
0.102
0.1
0.098
0.098
0.1
0.094
0.094
0.092
0.094
0.092
0.092
0.1
0.102
0.108
0.106
0.1
0.108
0.096
0.094
0.088
0.088
0.086
0.1
0.094
0.09
0.09
0.088
0.088
0.09
0.09
0.088
0.088
0.088
0.088
0.088
0.09
0.092
0.092
0.094
0.092
0.092
0.092
0.096
0.094
0.092
0.09
0.098
0.092
0.098
0.094
0.09
0.094
0.092
0.09
0.088
0.088
0.088
0.088
0.09
0.09
0.09
0.098
0.09
0.088
0.088
0.088
0.092
0.094
0.094
0.094
0.092
0.092
0.096
0.092
0.09
0.092
0.088
0.086
0.09
0.09
0.092
0.092
0.094
0.096
0.102
0.102
0.118
0.106
0.098
0.1
0.096
0.096
0.092
0.094
0.098
0.096
0.096
0.098
0.096
0.092
0.084
0.084
0.086
0.086
0.086
0.086
0.086
0.088
0.092
0.1
0.094
0.096
0.092
0.094
0.094
0.092
0.09
0.094
0.09
0.092
0.1
0.098
0.092
0.092
0.086
0.084
0.084
0.088
0.088
0.092
0.092
0.096
0.094
0.1
0.106
0.1
0.104
0.11
0.104
0.098
0.1
0.098
0.108
0.102
0.102
0.096
0.094
0.096
0.092
0.086
0.084
0.086
0.088
0.088
0.088
0.092
0.098
0.098
0.1
0.104
0.1
0.098
0.096
0.098
0.092
0.092
0.106
0.1
0.102
0.096
0.094
0.096
0.09
0.088
0.084
0.084
0.082
0.082
0.086
0.09
0.1
0.102
0.1
0.098
0.088
0.088
0.092
0.092
0.094
0.092
0.104
0.1
0.098
0.092
0.09
0.09
0.086
0.084
0.082
0.08
0.082
0.082
0.084
0.084
0.088
0.088
0.088
0.09
0.088
0.088
0.088
0.084
0.082
0.084
0.092
0.09
0.088
0.086
0.086
0.084
0.084
0.082
0.08
0.078
0.08
0.082
0.082
0.086
0.088
0.088
0.086
0.084
0.084
0.088
0.088
0.09
0.084
0.084
0.088
0.086
0.088
0.09
0.088
0.088
0.086
0.088
0.084
0.086
0.086
0.09
0.094
0.092
0.096
0.1
0.1
0.098
0.098
0.098
0.1
0.102
0.1
0.098
0.11
0.106
0.11
0.096
0.09
0.088
0.088
0.086
0.084
0.084
0.09
0.092
0.096
0.1
0.1
0.106
0.098
0.114
0.098
0.098
0.126
0.126
0.126
0.104
0.112
0.102
0.098
0.096
0.094
0.092
0.086
0.084
0.084
0.086
0.088
0.09
0.092
0.096
0.094
0.096
0.098
0.1
0.102
0.1
0.094
0.098
0.1
0.094
0.092
0.088
0.088
0.084
0.084
0.084
0.084
0.084
0.086
0.09
0.1
0.104
0.102
0.108
0.108
0.1
0.096
0.094
0.092
0.094
0.09
0.09
0.106
0.106
0.102
0.092
0.094
0.064
0.088
0.106
0.102
0.096
0.094
0.096
0.104
0.114
0.1
0.1
0.164
0.162

0.1
0.098
0.1
0.1
0.1
0.092
0.094
0.104
0.08
0.076
0.078
0.076
0.076
0.078
0.078
0.078
0.078
0.078
0.078
0.078
0.078
0.076
0.076
0.076
0.078
0.082
0.082
0.08
0.078
0.078
0.078
0.078
0.078
0.076
0.076
0.078
0.078
0.08
0.082
0.082
0.08
0.08
0.082
0.082
0.084
0.082
0.084
0.082
0.082
0.094
0.09
0.092
0.086
0.086
0.078
0.084
0.084
0.084
0.086
0.088
0.096
0.1
0.1
0.1
0.098
0.094
0.098
0.096
0.1
0.1
0.1
0.096
0.094
0.094
0.094
0.096
0.092
0.088
0.086
0.088
0.086
0.086
0.084
0.084
0.086
0.088
0.09
0.094
0.104
0.104
0.11
0.094
0.098
0.094
0.098
0.098
0.098
0.118
0.102
0.102
0.096
0.094
0.1
0.102
0.09
0.084
0.086
0.084
0.086
0.086
0.086
0.094
0.092
0.094
0.092
0.092
0.1
0.1
0.098
0.092
0.092
0.1
0.096
0.092
0.09
0.09
0.086
0.092
0.09
0.09
0.092
0.096
0.098
0.1
0.098
0.096
0.1
0.1
0.1
0.1
0.1
0.098
0.1
0.098
0.094
0.116
0.118
0.1
0.09
0.086
0.084
0.084
0.078
0.078
0.076
0.076
0.074
0.08
0.09
0.094
0.096
0.094
0.1
0.104
0.108
0.1
0.1
0.106
0.106
0.114
0.102
0.102
0.1
0.086
0.082
0.076
0.078
0.08
0.078
0.078
0.082
0.086
0.086
0.088
0.088
0.088
0.092
0.09
0.084
0.084
0.084
0.084
0.086
0.096
0.09
0.092
0.09
0.084
0.08
0.082
0.08
0.08
0.078
0.08
0.08
0.08
0.086
0.088
0.088
0.088
0.088
0.09
0.092
0.09
