192
314
149
186
142
120
311
237
119
155
278
125
118
125
140
135
175
303
300
178
142
115
150
102
383
113
202
176
273
136
157
276
134
241
99
99
147
340
367
207
136
146
250
166
105
155
248
217
226
297
122
99
213
264
141
138
124
121
149
196
131
117
318
264
246
222
138
197
189
274
260
153
428
252
214
173
187
177
300
217
334
173
298
200
298
167
117
183
99
289
248
166
265
180
226
119
140
151
176
172
141
182
222
221
151
338
99
172
128
291
290
130
193
144
117
174
145
235
175
214
301
214
213
148
126
209
176
108
172
131
135
121
217
118
114
213
149
415
136
177
192
99
139
195
99
258
139
99
171
161
135
158
240
276
262
172
280
144
241
193
166
258
151
384
153
122
145
212
175
219
203
229
128
122
199
162
99
194
153
207
124
263
124
128
248
113
140
272
99
154
231
117
186
124
192
341
129
306
140
101
145
138
135
381
114
182
118
135
116
141
201
217
296
133
238
171
324
196
155
294
116
193
181
184
220
195
111
355
215
206
157
143
124
118
172
199
151
99
164
175
113
119
290
99
137
156
122
134
166
197
105
214
186
223
211
140
125
162
190
275
114
177
114
140
137
221
242
99
172
261
213
138
181
110
99
190
120
128
144
297
243
158
130
212
148
165
288
167
132
119
247
199
218
204
115
173
151
159
265
137
118
99
103
152
116
169
182
220
245
212
109
372
109
236
108
142
281
99
286
165
144
179
152
149
142
236
197
266
171
141
230
171
149
266
264
146
256
174
240
173
214
246
154
295
189
110
258
169
368
150
166
188
193
144
302
151
291
141
132
232
145
156
199
150
129
190
125
147
131
244
127
150
217
177
247
144
125
152
133
178
222
353
129
216
201
105
141
168
135
140
200
153
218
99
109
127
165
192
244
169
114
281
169
151
102
184
105
153
204
105
164
186
312
103
250
232
173
110
140
265
204
141
223
150
224
236
147
244
248
194
197
134
300
185
277
245
214
138
109
176
224
152
190
233
217
174
157
195
112
193
257
168
238
175
146
131
109
226
154
225
173
120
101
113
263
290
300
133
244
204
170
139
154
150
147
161
215
356
261
231
188
384
115
163
115
138
172
197
200
167
195
120
354
126
109
167
177
196
146
136
175
216
106
209
179
147
133
123
110
341
165
177
294
104
159
186
193
111
164
196
363
114
273
103
144
142
341
203
186
270
134
174
125
104
251
151
113
205
286
155
275
171
283
115
242
124
176
302
275
139
144
232
154
105
320
137
279
340
244
141
256
161
123
177
179
172
204
131
188
185
146
154
185
228
154
171
119
187
124
99
133
106
234
259
181
211
236
189
128
391
134
173
111
101
99
140
206
350
182
144
201
215
162
108
103
133
164
208
197
168
253
192
223
146
117
196
100
178
174
103
154
207
137
175
170
207
229
134
160
109
162
125
123
173
111
227
113
280
103
268
109
197
115
328
128
205
151
141
237
193
282
267
99
134
127
170
205
161
178
132
202
99
113
115
129
296
142
224
248
160
130
261
250
151
178
166
230
164
142
124
121
199
212
279
134
335
112
229
228
122
160
135
104
122
144
157
222
181
154
200
161
117
279
159
190
168
388
196
210
297
192
167
214
113
106
235
175
259
230
117
120
130
161
221
259
155
329
130
174
205
124
134
153
190
251
124
335
104
141
254
281
159
226
160
221
306
131
253
204
111
132
167
145
103
146
243
118
108
141
303
184
113
281
170
152
318
174
147
130
181
142
167
234
218
146
240
225
128
118
132
168
100
145
172
173
217
265
229
225
139
130
189
107
121
190
216
128
223
210
170
132
196
118
161
104
150
245
129
112
248
111
136
190
222
260
109
212
142
329
99
160
103
161
141
182
170
238
214
135
267
132
167
150
189
254
155
157
226
157
112
247
395
222
386
167
170
213
148
234
219
112
180
101
108
217
139
99
146
268
271
201
183
188
262
225
140
131
329
122
136
143
172
145
99
319
300
213
126
119
127
199
99
205
195
223
167
217
330
225
107
287
214
140
99
106
272
103
190
151
134
113
263
298
214
248
106
106
183
189
217
320
107
358
155
110
177
173
281
106
150
198
174
252
115
153
220
147
194
183
202
146
128
176
180
370
131
145
195
228
107
156
129
237
122
100
270
235
119
172
120
112
188
99
186
214
217
351
181
157
207
236
168
150
218
254
202
231
158
135
99
241
199
99
149
172
181
174
249
244
159
137
166
176
115
135
127
276
137
374
248
132
293
254
200
299
201
215
124
176
166
204
143
99
127
117
252
273
112
333
106
168
117
169
203
128
129
194
113
238
155
127
145
168
153
223
180
172
104
215
99
162
158
128
170
143
247
144
124
155
149
124
403
195
119
226
203
257
244
181
99
288
149
268
262
307
144
250
192
293
138
192
99
179
198
134
211
283
292
178
118
234
163
136
186
188
175
116
120
191
237
163
146
264
197
206
205
173
199
144
168
251
123
157
282
132
177
172
256
166
167
362
201
262
136
160
142
147
152
150
193
147
151
316
169
99
298
113
190
173
129
117
207
249
191
108
270
121
158
104
114
167
233
132
124
138
121
145
170
104
217
192
192
184
246
178
125
135
99
189
132
127
99
216
145
199
298
105
110
223
211
173
153
109
198
183
133
330
191
400
183
325
223
369
244
301
158
99
301
135
209
154
203
177
160
207
162
162
126
130
264
188
148
131
120
196
189
137
187
130
178
123
109
169
117
130
126
429
156
127
117
133
185
235
156
151
228
281
252
99
167
125
234
156
131
411
226
318
499
219
99
241
161
178
223
204
157
230
284
164
384
278
121
293
130
174
169
108
177
181
117
192
119
184
162
181
213
150
214
137
266
188
144
227
192
193
117
201
242
260
106
148
152
306
112
182
173
149
174
136
111
214
180
224
310
190
159
179
122
224
198
185
134
198
149
134
255
174
150
109
201
99
265
99
192
302
206
181
138
211
181
279
110
111
296
185
171
118
223
197
165
101
225
193
310
126
164
137
146
382
259
180
109
189
209
118
306
169
231
294
184
211
171
193
191
239
251
225
152
173
387
163
241
149
150
262
236
135
207
225
189
190
271
337
99
147
206
166
268
208
99
195
210
171
296
131
200
225
159
159
124
283
206
142
120
272
138
125
104
177
402
135
159
293
144
153
153
291
246
298
208
239
99
259
163
136
126
120
187
179
172
270
144
235
215
355
156
298
138
139
133
123
120
127
135
132
103
206
340
178
161
144
270
161
158
204
195
102
405
233
131
339
118
243
131
293
135
206
135
151
102
208
102
178
127
320
132
149
252
273
195
253
154
177
166
254
290
171
127
140
297
166
133
130
217
278
131
160
207
276
189
176
135
113
147
146
129
149
189
233
129
119
141
307
186
105
135
275
191
165
231
99
315
248
256
149
191
261
178
426
99
169
225
242
566
128
99
297
190
157
229
225
99
188
181
128
230
302
146
99
295
152
179
105
136
148
181
157
161
129
246
239
215
201
216
221
121
220
158
230
181
126
211
202
155
118
149
216
243
291
142
178
169
238
132
289
104
181
149
218
100
188
112
105
195
305
205
363
194
211
203
178
226
225
250
109
242
210
170
150
286
209
132
206
221
175
195
147
99
116
125
211
205
164
169
237
242
99
139
168
131
180
126
207
116
267
150
314
201
167
102
197
215
138
162
339
188
99
188
162
144
129
190
221
241
229
147
203
253
137
176
99
150
250
209
254
196
221
172
190
113
323
99
205
160
304
135
147
279
201
136
116
239
114
99
168
156
185
194
169
179
216
182
138
267
291
213
231
110
269
187
343
156
246
231
249
200
222
171
207
148
183
141
123
187
162
234
174
215
136
108
99
437
221
155
267
225
191
203
148
104
190
111
310
132
257
236
329
269
158
138
135
108
108
106
108
201
278
140
99
115
265
160
301
235
196
281
293
218
123
107
192
137
139
173
127
261
253
108
173
132
127
170
312
359
157
180
138
150
167
184
121
223
167
210
245
185
191
133
338
107
127
118
118
188
123
118
304
130
229
171
261
230
112
237
163
151
122
262
236
208
242
455
323
201
170
144
149
99
140
176
289
152
122
165
203
99
101
204
128
211
159
119
122
99
148
99
206
236
197
189
365
222
163
223
155
99
250
186
214
159
235
169
275
222
180
151
121
151
154
129
99
103
193
199
310
275
190
366
132
204
153
357
222
129
250
192
151
222
171
186
183
175
247
221
246
187
255
99
177
197
170
361
169
99
334
219
131
142
251
139
172
159
167
238
100
177
116
277
166
114
149
183
215
167
238
277
180
160
160
121
177
230
214
99
378
119
344
207
418
113
181
139
158
190
455
117
134
105
167
168
222
137
354
193
122
216
107
108
227
190
171
123
136
120
182
198
186
134
171
225
119
107
99
193
289
191
140
331
154
113
142
116
140
112
144
171
197
149
266
197
284
109
130
161
277
233
241
214
226
167
228
173
245
188
145
258
138
265
115
99
133
221
233
253
175
234
229
199
221
179
121
165
112
129
156
123
137
115
149
198
