210
190
183
187
181
223
225
219
197
208
233
191
166
216
268
248
194
174
194
230
159
200
169
200
181
196
175
193
200
213
217
210
189
225
196
226
227
194
181
171
182
198
189
252
156
205
179
230
243
224
203
210
210
203
189
225
189
202
216
185
198
178
233
183
185
161
225
191
169
237
214
188
220
213
223
201
205
179
216
204
244
194
166
182
195
199
212
197
177
183
211
208
159
218
213
197
199
201
228
222
229
203
175
161
245
210
174
216
243
202
207
206
191
200
192
265
181
199
181
196
167
171
209
225
216
179
188
216
201
204
226
254
229
212
211
195
199
166
192
191
148
184
201
223
220
177
171
160
182
175
187
181
160
228
208
182
185
262
186
218
202
192
207
212
204
186
204
252
206
243
191
150
213
220
223
224
203
170
163
186
202
218
216
207
185
213
224
176
177
179
194
248
173
179
198
260
162
143
250
185
185
197
182
212
170
193
226
198
192
226
179
193
184
183
137
192
200
186
193
187
205
198
205
172
182
192
207
185
155
172
200
218
210
210
227
204
162
183
192
200
201
202
210
221
150
214
197
219
194
214
193
230
204
187
174
221
216
240
239
191
212
221
196
194
179
196
205
185
211
200
192
210
208
224
189
206
215
200
168
181
159
177
216
207
181
180
183
210
214
218
209
193
184
157
240
235
210
216
267
202
250
192
204
177
208
204
166
209
204
213
195
192
186
242
214
226
221
182
187
191
199
187
199
231
184
180
190
172
177
233
202
194
179
179
184
177
141
179
229
211
200
220
148
196
178
194
190
215
199
153
221
186
207
201
193
216
201
198
224
172
188
196
160
233
195
191
202
206
213
205
191
190
206
183
251
173
174
151
241
183
177
175
200
181
160
164
234
200
215
169
237
137
195
169
197
212
165
181
164
207
208
165
191
213
201
189
235
155
200
126
223
180
209
218
195
180
195
182
173
163
220
185
168
176
175
148
205
212
216
218
169
204
215
188
193
172
166
227
176
193
202
216
192
189
163
208
178
233
220
205
247
225
184
194
151
160
248
202
174
205
171
214
155
243
200
182
142
168
181
232
205
174
214
185
177
171
195
195
179
180
211
209
227
214
203
183
190
172
198
214
198
188
180
183
208
198
196
177
193
219
215
178
234
180
199
197
161
204
159
214
172
249
188
226
191
188
170
203
228
182
169
175
191
182
186
210
229
211
174
222
190
195
200
189
221
182
155
203
190
211
207
201
196
158
192
184
206
205
191
206
186
185
215
167
232
189
197
250
189
227
203
213
224
203
207
199
229
178
203
234
195
213
168
200
193
170
167
228
168
171
219
202
212
208
169
236
207
189
211
191
193
166
167
178
255
188
210
234
200
236
195
234
227
181
173
206
188
226
242
199
157
204
165
185
187
225
189
222
195
203
233
264
237
149
208
181
157
269
227
163
171
214
177
173
169
151
214
187
183
184
261
174
215
169
198
182
177
158
176
237
173
163
190
202
209
271
168
189
182
197
174
153
173
223
204
195
181
158
205
215
186
171
186
196
213
182
227
191
255
177
171
170
191
178
211
199
197
187
215
161
176
213
176
193
270
209
141
158
175
201
260
235
189
240
194
193
184
183
231
170
193
182
193
211
213
254
195
162
214
209
208
198
171
208
228
187
245
203
189
216
182
203
207
160
234
222
158
197
158
201
198
202
200
181
228
163
191
187
168
185
175
179
203
171
150
177
214
198
232
182
199
174
203
163
232
199
176
225
203
173
220
220
156
172
167
212
165
222
182
176
172
207
191
176
217
238
208
233
230
222
208
206
216
197
187
208
162
199
218
196
214
189
166
226
185
229
180
169
222
162
204
165
184
224
208
167
226
167
185
173
184
226
236
210
195
169
198
184
206
170
160
221
240
169
188
214
177
166
222
199
184
234
174
214
203
214
224
189
245
166
193
179
200
264
184
207
201
208
196
161
176
197
257
218
157
203
188
185
200
254
224
185
183
177
184
278
251
248
186
141
196
196
179
229
175
149
236
176
222
225
210
180
181
193
243
189
215
190
194
187
186
191
171
201
187
183
178
195
160
194
185
192
229
204
186
148
212
198
223
212
218
204
209
236
202
199
160
165
193
235
206
201
212
175
194
188
216
184
202
179
186
198
194
171
209
219
192
199
168
169
194
194
206
206
189
217
227
190
204
169
148
204
190
221
188
165
208
201
182
206
189
164
179
224
208
188
167
239
189
204
232
212
202
160
184
178
203
238
220
215
177
174
211
205
183
202
237
196
177
154
199
189
171
192
213
250
175
155
234
202
207
189
155
219
219
194
200
169
177
222
219
163
222
209
205
235
190
170
185
220
264
168
202
204
140
185
231
196
213
188
195
200
199
213
184
159
201
214
219
207
200
226
163
186
207
193
203
205
178
252
203
247
177
192
252
228
195
211
167
210
285
226
206
161
212
201
166
197
164
195
199
192
200
231
204
167
175
197
204
207
230
230
236
222
188
185
225
187
248
210
224
211
187
176
165
215
211
200
179
221
264
184
167
244
186
187
206
207
164
184
164
180
205
210
216
142
166
191
223
179
194
202
167
242
237
258
205
203
210
178
184
205
196
169
211
185
205
189
213
220
216
223
161
207
241
188
163
192
181
184
177
216
194
189
231
159
176
179
227
183
244
207
216
214
212
179
187
228
193
161
216
214
202
232
241
228
191
175
200
171
161
210
213
183
235
154
220
184
193
187
177
187
170
209
194
212
186
179
192
162
198
280
205
152
175
179
192
182
193
190
178
204
159
188
157
188
186
199
202
171
196
165
194
196
195
207
197
167
227
177
191
185
190
189
175
211
198
207
194
184
198
165
234
211
212
179
217
206
180
211
170
211
173
191
192
195
219
172
182
205
263
184
203
174
192
245
181
229
189
226
208
186
152
196
179
221
211
216
186
164
220
220
223
193
210
199
190
202
154
221
249
191
201
214
175
234
163
206
175
180
214
199
179
242
187
212
194
193
203
200
220
206
198
178
213
198
219
215
227
165
200
156
153
179
226
176
205
180
169
188
207
157
217
154
159
243
178
230
187
149
146
157
218
187
170
211
207
184
228
201
219
166
182
147
196
229
211
163
172
224
201
240
190
244
211
205
270
222
205
195
168
205
187
192
192
197
186
212
216
208
174
186
166
208
246
175
209
235
246
198
189
194
169
195
197
194
191
183
227
140
214
219
181
174
198
221
189
192
179
222
215
199
230
199
198
219
220
184
159
181
273
202
200
179
180
188
188
164
180
168
194
201
213
167
222
194
214
176
150
213
246
237
201
198
242
170
225
179
182
195
220
167
197
210
211
181
156
167
209
223
232
193
182
211
229
197
218
135
206
168
232
189
210
202
257
227
195
211
218
186
164
227
201
208
197
179
144
241
188
174
201
220
196
237
220
178
177
182
212
207
173
230
173
203
245
210
169
198
215
186
263
199
216
205
221
228
212
155
183
206
222
206
172
206
223
231
198
243
202
192
181
236
204
215
190
165
232
199
190
219
163
210
222
215
190
176
187
202
172
229
171
217
215
172
195
196
209
239
166
180
180
231
186
202
168
179
189
232
190
230
165
222
201
190
225
190
228
213
206
238
178
200
208
216
200
213
196
211
168
172
201
168
226
194
153
205
187
236
191
203
245
199
229
195
196
260
167
201
214
176
184
187
251
239
211
193
185
196
170
176
236
194
221
206
211
216
213
178
238
190
190
205
190
193
164
207
150
170
205
175
202
237
203
204
214
185
171
164
195
183
207
193
198
174
173
208
176
146
200
188
199
185
184
184
188
162
207
213
183
171
229
172
193
208
172
244
170
208
183
230
196
237
188
176
231
205
211
199
204
169
178
164
219
225
229
182
228
140
217
215
173
172
206
244
206
192
227
222
228
208
187
193
191
177
126
211
185
241
228
183
173
196
179
195
233
212
172
168
210
171
227
210
181
209
207
202
199
211
178
229
159
177
216
194
171
207
208
210
149
186
182
189
228
191
240
155
208
210
179
196
246
203
181
226
249
166
208
241
170
201
199
181
204
203
180
195
188
172
198
200
198
184
173
142
187
225
203
158
161
221
193
177
208
190
195
205
219
163
232
225
212
182
181
182
217
188
196
208
228
224
257
225
200
189
199
252
226
198
196
194
235
225
185
199
153
224
208
168
200
164
228
194
209
219
191
220
254
246
218
232
219
170
176
183
203
203
180
170
199
163
189
199
249
219
248
176
185
191
220
197
181
173
188
187
194
236
164
183
182
211
200
213
198
185
158
219
250
206
170
160
225
182
214
186
182
204
211
165
213
220
192
185
207
213
230
219
207
211
236
199
249
204
201
181
172
145
191
212
170
179
170
252
194
162
232
207
191
192
205
173
215
170
201
169
191
217
195
193
222
198
212
247
172
171
203
177
189
181
221
196
228
221
260
155
198
240
228
170
156
215
160
203
186
182
186
181
196
228
250
222
214
189
235
214
212
194
191
171
240
205
198
214
247
166
181
188
210
173
234
187
235
130
214
270
208
191
199
192
195
188
164
162
162
163
162
164
164
164
161
165
166
164
167
161
163
165
167
165
165
169
160
164
165
164
164
171
161
168
164
161
164
163
163
167
165
168
167
169
164
166
164
162
158
168
165
171
165
166
165
166
169
162
163
168
169
168
166
168
166
163
167
161
158
162
163
166
164
168
160
167
164
161
159
165
165
167
164
163
160
165
164
162
165
163
166
165
163
161
168
169
162
168
163
166
161
165
172
163
163
169
163
167
163
168
162
166
167
163
170
161
163
164
169
166
165
164
165
165
159
162
165
162
163
164
162
163
162
164
166
169
166
161
160
170
159
167
164
167
165
163
161
160
167
168
163
164
166
166
164
167
159
165
163
165
165
163
169
166
167
167
165
166
165
163
162
166
160
164
167
162
163
165
162
168
165
165
174
160
170
166
167
164
166
165
165
165
164
164
160
164
164
167
170
165
162
165
163
164
166
166
