200 133.100006 8.511898
190 130.033340 8.524767
180 130.033340 8.524767
170 124.933334 8.525097
160 115.466667 8.530695
150 107.933334 8.538298
140 102.900002 8.557237
130 102.400002 8.559304
120 102.000000 8.564770
110 102.000000 8.564770
110 102.257141 9.016444
120 102.342857 9.013331
130 104.400002 8.979660
140 106.685715 8.965096
150 109.828575 8.935214
160 113.942856 8.930152
170 128.699997 8.933782
180 140.585709 8.895592
190 140.600006 8.895706
200 143.857147 8.901448
200 144.214279 8.898133
190 140.585709 8.895592
180 140.585709 8.895592
110 102.257141 9.016444
120 102.257141 9.016444
130 104.400002 8.979660
140 106.685715 8.965096
150 109.099998 8.936900
160 118.285713 8.940434
170 131.199997 8.928783
180 140.585709 8.895592
190 140.585709 8.895592
200 143.571426 8.897964
210 151.485718 8.865788
220 156.000000 8.827849
230 160.671432 8.835092
240 164.071426 8.842060
250 164.642853 8.839828
260 164.642853 8.839828
270 167.285721 8.839628
280 174.199997 8.811047
290 173.242859 8.816278
300 180.500000 8.803704
110 102.242859 9.017187
120 102.857140 8.992225
130 103.457146 8.972749
130 103.457146 8.972749
140 104.214287 8.955377
150 104.500000 8.949401
160 104.985718 8.939803
170 105.614288 8.928895
180 107.099998 8.904592
190 108.314285 8.885327
200 110.257141 8.858218
210 113.300003 8.827723
220 120.657143 8.758526
230 125.357140 8.722262
240 132.257141 8.686639
250 135.828568 8.663320
260 143.257141 8.619611
270 151.199997 8.584935
280 161.014282 8.548508
290 172.171432 8.512164
300 189.385712 8.449148
300 189.385712 8.449148
300 189.385712 8.449148
300 189.385712 8.449148
300 189.385712 8.449148
300 189.385712 8.449148
300 189.385712 8.449148
300 189.385712 8.449148
300 189.385712 8.449148
300 189.385712 8.449148
300 189.385712 8.449148
300 189.385712 8.449148
300 189.385712 8.449148
200 143.514282 8.903536
200 143.557144 8.897847
200 143.199997 8.891118
200 143.528564 8.898773
120 102.300003 9.014655
130 104.400002 8.979572
140 106.657143 8.965202
150 109.171425 8.940831
150 108.142860 8.943831
160 115.214287 8.933317
170 128.314285 8.931488
180 140.585709 8.895488
190 140.585709 8.895488
200 143.871429 8.893631
210 147.171432 8.893888
220 155.971436 8.828546
230 161.328568 8.834600
240 163.914291 8.839743
250 164.642853 8.839744
260 164.642853 8.839744
270 164.642853 8.839744
280 178.028564 8.809628
290 178.028564 8.803858
290 175.385712 8.805657
300 179.657150 8.803715
110 102.242859 9.017113
120 102.857140 8.992142
130 103.457146 8.972657
140 104.214287 8.955285
150 104.500000 8.949315
160 104.985718 8.939713
170 105.642860 8.928286
180 107.014282 8.905630
190 108.328575 8.885171
200 110.257141 8.858115
