35
35
8
27
37
10
10
15
15
15
15
31
31
31
44
11
14
44
44
44
37
6
6
6
49
34
16
16
22
47
41
31
45
45
45
28
28
14
14
28
31
2
37
37
14
14
20
19
19
46
46
46
46
50
50
50
4
4
4
4
45
32
32
32
32
8
8
8
8
44
47
47
47
29
12
49
49
13
13
12
42
24
33
32
32
32
28
33
33
33
33
33
33
3
3
3
39
47
7
7
7
7
7
23
33
33
3
3
3
16
4
6
46
46
24
24
29
29
12
12
12
3
3
13
1
1
2
2
41
7
2
12
36
36
36
8
46
46
27
20
20
20
24
28
29
29
29
4
4
47
20
20
49
49
20
20
11
11
12
12
12
19
19
50
50
50
46
46
37
1
12
12
12
12
22
22
22
22
22
1
14
10
10
10
10
43
43
43
1
43
43
27
27
27
27
4
4
4
12
12
8
20
