5
16
16
32
32
29
38
38
38
2
40
40
40
28
28
28
28
28
11
20
36
35
8
8
8
25
32
7
7
7
7
7
6
6
40
25
40
40
36
36
16
42
27
50
50
50
29
19
19
19
19
19
20
20
20
41
41
41
16
10
10
10
10
10
25
43
43
43
43
10
10
10
10
4
4
39
39
39
39
39
39
14
50
50
49
49
13
13
29
36
4
4
12
24
24
21
41
41
21
22
22
27
27
47
47
47
30
30
30
23
8
8
39
39
39
50
1
37
37
37
8
26
10
10
10
10
10
10
32
32
32
17
17
17
17
35
21
21
21
8
12
24
14
14
14
9
13
4
16
43
43
30
30
30
45
48
48
48
22
50
43
43
33
33
33
27
6
6
34
6
6
28
28
28
30
19
19
19
47
3
3
33
29
19
19
19
19
30
29
29
29
45
45
42
42
42
50
50
32
32
31
49
