9
9
25
34
34
16
39
15
15
34
40
45
45
45
45
11
11
43
43
43
43
4
6
6
7
7
49
31
33
3
8
38
38
38
38
44
22
22
22
22
37
2
28
36
36
36
26
21
21
39
25
46
15
15
21
19
19
48
22
30
30
32
32
32
38
38
38
38
34
43
43
43
9
9
9
9
23
23
19
19
38
31
32
27
27
27
48
9
9
9
21
21
45
45
22
22
41
41
23
13
36
36
45
39
39
8
8
31
31
35
10
10
10
10
43
43
13
28
8
8
36
36
2
2
22
22
22
22
22
22
15
15
22
21
21
38
38
7
7
7
20
6
6
6
14
14
12
19
19
16
16
3
40
40
40
40
40
13
13
13
18
39
3
39
39
1
1
1
1
1
1
1
42
42
23
10
8
8
8
1
24
27
26
26
49
30
40
40
33
33
33
3
18
43
47
14
14
44
44
4
21
28
