49
4
43
43
43
43
44
44
33
5
7
7
38
38
38
38
37
40
37
50
50
28
46
14
14
14
48
48
16
16
16
16
29
29
29
10
33
33
2
2
22
22
40
26
26
24
1
1
43
43
4
4
4
4
4
26
26
31
31
31
31
38
38
38
11
9
9
37
37
49
49
49
49
43
43
43
43
43
44
44
16
34
19
19
1
1
1
1
37
37
42
16
37
37
37
17
17
21
21
19
20
20
20
1
13
13
30
30
25
25
25
25
25
25
44
29
7
38
29
29
29
8
31
41
26
26
20
32
32
26
26
31
31
35
25
25
21
28
41
14
27
10
10
1
29
39
40
7
7
40
40
27
27
15
15
15
23
38
38
38
48
17
48
48
48
48
48
48
48
48
44
44
44
14
21
21
21
2
16
16
16
16
16
16
32
32
32
32
41
41
4
23
23
21
21
21
21
24
24
5
5
5
