23
23
50
50
50
50
49
12
12
12
12
12
12
29
29
18
18
2
2
48
48
22
22
22
22
22
25
25
25
49
49
36
18
18
18
18
34
34
41
39
37
11
11
11
11
27
27
27
21
2
2
38
28
28
28
7
7
20
6
6
6
6
7
7
19
18
34
34
13
18
19
24
24
6
1
27
27
7
18
39
48
48
48
48
12
46
27
27
47
23
26
26
38
15
19
19
50
16
16
16
36
36
43
43
43
43
43
43
43
43
43
26
26
26
26
11
39
39
39
27
27
14
14
14
14
14
24
24
50
30
12
5
40
40
26
13
42
42
42
25
49
49
49
14
14
25
49
49
49
49
41
36
36
15
15
15
24
24
8
44
21
32
1
1
32
26
26
26
17
17
17
17
19
20
4
24
24
19
33
22
22
38
38
38
38
19
19
20
23
24
8
8
8
8
19
19
46
5
5
5
5
33
