8
8
8
33
26
26
34
34
34
28
42
18
23
23
17
20
20
47
28
28
28
28
28
15
15
48
21
21
21
40
40
40
40
40
31
42
23
23
31
17
17
17
17
12
12
12
36
36
38
42
42
42
42
42
42
42
42
42
40
15
15
15
15
15
7
7
7
38
45
3
11
11
11
28
44
44
44
8
8
8
41
49
39
39
39
41
41
31
31
31
31
31
7
7
43
3
3
1
1
1
1
32
19
19
6
32
32
2
2
22
45
10
10
42
20
40
40
40
40
23
23
23
23
23
24
8
8
16
16
38
38
38
26
26
26
10
22
22
22
22
37
37
37
37
37
36
36
27
27
27
28
33
48
48
49
43
43
43
43
43
20
20
20
20
29
25
20
20
20
20
20
31
8
37
37
16
16
33
33
33
30
4
16
16
6
17
38
50
50
50
50
50
49
49
49
49
23
23
36
36
36
26
