40
38
28
28
13
13
13
13
17
46
1
28
12
25
25
9
49
49
49
49
49
49
49
49
49
28
28
28
40
40
40
40
44
44
44
37
37
37
37
37
12
12
38
38
38
38
38
38
17
17
17
17
17
17
17
5
43
45
15
15
1
32
43
43
43
43
25
25
36
36
21
9
9
9
28
28
28
28
28
23
19
37
37
16
12
47
47
6
6
1
37
37
37
37
1
49
49
49
49
24
15
15
9
10
17
26
26
22
22
22
22
22
15
27
27
27
27
27
9
9
9
35
24
36
6
38
42
42
30
30
30
18
32
32
32
49
49
25
30
19
19
19
19
19
19
19
19
19
19
3
30
30
30
7
26
18
18
18
18
27
8
8
5
14
43
43
48
48
23
1
1
1
22
22
1
29
18
38
38
38
25
25
5
45
45
45
16
16
21
21
41
41
5
50
6
6
6
6
16
24
5
5
