30
22
37
13
8
8
6
6
30
8
23
38
38
1
1
13
13
13
13
13
28
28
28
6
6
26
30
30
41
4
4
4
4
10
32
12
27
27
27
27
27
6
6
47
21
20
9
33
33
33
33
33
47
28
49
12
13
33
25
25
32
32
32
32
16
9
9
1
1
1
1
11
4
44
40
40
40
40
24
24
14
14
14
14
14
11
11
5
21
45
2
38
38
38
18
30
17
17
47
3
3
29
29
12
6
6
37
37
37
37
37
37
17
22
22
22
22
22
22
12
43
43
6
31
39
39
11
11
11
11
11
11
41
41
24
48
48
8
8
8
8
8
37
37
37
37
37
27
27
27
27
27
27
33
1
4
18
24
28
28
39
39
39
50
36
36
29
29
29
29
30
21
34
40
22
22
22
22
32
32
29
29
29
29
29
29
44
23
23
23
23
23
23
23
50
28
28
28
28
19
45
45
