35
44
16
16
16
34
34
2
2
22
45
38
46
46
46
46
46
46
5
21
21
21
39
14
14
25
25
25
25
7
9
47
47
47
47
3
31
31
31
31
31
7
7
37
37
37
37
32
32
32
15
3
3
43
43
43
43
43
43
4
4
4
4
4
18
18
18
18
23
48
48
48
18
18
6
39
39
39
1
29
29
36
36
25
25
27
16
16
20
37
43
43
30
30
30
25
46
31
31
31
31
31
31
50
22
33
32
6
6
6
6
41
41
41
42
42
46
37
37
27
6
6
35
26
26
26
26
21
21
40
9
9
9
3
3
4
41
8
8
8
8
31
31
43
43
20
16
8
8
8
9
34
20
13
13
21
35
38
13
13
4
4
4
43
24
17
17
36
36
36
36
36
36
48
48
48
48
48
48
48
48
48
31
50
30
35
33
40
26
26
39
39
16
13
46
50
29
29
12
43
43
37
