22
35
13
13
13
22
30
35
35
49
41
41
13
49
49
49
13
13
6
6
6
13
22
6
6
6
13
13
13
13
6
35
35
35
49
30
30
30
30
30
30
30
30
30
22
22
18
18
35
30
30
30
30
30
30
30
30
30
35
41
30
6
41
41
2
6
22
22
22
18
13
22
22
22
22
22
2
22
35
2
2
2
35
35
35
35
35
35
35
35
22
41
41
30
30
22
2
2
30
30
30
30
30
30
41
49
49
13
18
49
49
49
6
18
6
35
13
13
13
13
2
2
2
30
13
2
2
49
49
49
2
22
22
49
13
13
41
30
30
35
35
35
22
49
18
18
49
22
22
41
30
30
30
49
6
49
30
35
41
49
22
41
13
13
13
41
41
22
13
13
13
13
49
18
41
22
30
22
22
49
22
22
22
35
35
35
2
35
35
30
22
22
13
35
13
13
13
13
13
13
49
41
