18
19
19
41
41
41
41
41
48
48
24
24
47
37
37
37
37
37
23
14
7
7
14
14
40
41
43
43
24
24
18
18
18
49
20
39
39
33
33
33
33
33
33
33
36
36
36
36
49
49
49
49
49
16
16
16
50
50
50
13
14
23
23
21
21
5
5
30
30
36
7
7
7
9
3
3
3
35
35
8
8
8
8
23
23
23
32
32
32
4
4
4
4
6
6
6
45
45
33
33
33
33
33
33
33
33
33
16
16
22
4
4
4
4
4
46
46
46
35
35
41
41
45
1
21
21
17
17
28
1
1
1
23
23
18
18
29
3
3
3
3
3
3
10
10
10
10
10
22
22
22
22
22
22
6
6
19
19
19
50
45
45
18
13
13
7
7
10
10
31
31
4
27
27
15
15
45
45
45
35
35
45
45
45
45
45
45
11
11
11
11
11
11
11
11
44
44
44
32
49
49
45
