31
31
14
48
17
17
17
45
13
13
13
40
40
42
48
48
48
48
48
48
48
48
48
48
48
48
48
35
47
47
47
31
31
31
31
2
2
2
2
27
13
13
13
13
13
14
27
27
3
3
31
31
31
31
31
22
22
22
22
22
22
22
22
22
20
35
35
35
35
22
22
22
22
31
36
36
18
20
20
18
18
18
21
41
13
15
12
12
12
12
22
27
27
3
47
47
18
49
49
49
50
36
36
9
9
9
2
45
42
42
17
17
13
49
49
16
16
7
7
7
30
10
39
39
39
33
25
33
19
19
26
26
5
1
1
21
21
18
18
18
18
26
26
1
1
1
30
30
30
30
30
30
30
30
30
34
33
33
11
29
29
29
35
35
41
18
8
9
50
13
13
46
50
50
21
21
21
10
2
2
2
2
25
25
46
2
2
2
2
2
34
21
13
9
9
9
9
37
37
37
37
37
