1
1
42
30
30
30
30
30
26
30
30
47
47
28
28
28
28
28
28
8
46
19
44
44
42
19
19
19
19
19
19
30
30
36
36
36
36
5
8
8
8
48
48
48
13
15
15
9
9
29
25
49
49
49
49
49
49
49
1
1
28
7
11
17
17
17
17
16
2
2
35
35
39
8
29
29
25
25
25
25
12
42
14
14
2
2
48
48
48
24
36
36
36
36
46
2
38
7
30
29
29
33
33
11
11
11
11
11
2
17
17
17
17
17
47
12
39
39
39
31
31
25
19
23
23
23
30
30
30
19
29
21
1
13
13
33
11
11
11
11
10
24
24
24
24
24
24
40
40
40
40
35
11
11
16
16
31
17
15
15
15
28
22
5
5
5
6
6
40
17
48
48
48
10
10
14
14
36
39
35
2
45
45
10
10
25
25
25
49
46
46
46
46
29
31
31
31
31
42
42
12
12
