17
20
42
42
21
32
24
24
24
24
24
44
13
13
13
32
49
49
49
34
18
18
18
19
19
19
19
19
19
19
3
41
14
14
14
14
14
14
36
36
36
41
41
33
33
29
8
40
40
40
18
1
1
1
46
46
46
22
22
4
13
8
8
8
8
24
24
24
23
23
23
35
35
35
35
35
49
16
23
23
40
40
40
40
10
12
12
22
22
19
19
19
19
12
25
25
25
25
36
35
35
11
3
3
3
20
20
20
42
5
50
15
29
37
37
39
43
44
44
3
21
6
37
40
49
49
29
29
8
8
8
8
8
3
3
3
3
3
18
18
18
14
37
37
37
44
44
44
44
44
14
14
14
5
10
11
11
29
29
29
35
35
46
7
10
10
10
10
25
27
27
34
23
28
28
28
28
28
13
47
47
24
40
35
35
35
35
35
39
32
32
29
25
27
27
27
34
34
24
24
24
24
