12
16
16
14
6
6
6
6
13
13
18
18
39
22
11
11
11
11
11
11
11
16
4
4
35
21
2
2
2
2
2
2
4
38
8
8
8
8
45
42
34
34
17
17
17
17
19
6
31
3
3
3
49
49
49
17
15
15
4
20
45
1
1
21
21
21
12
45
3
46
46
46
46
46
46
21
36
46
46
46
18
18
18
20
21
21
39
34
34
34
9
1
49
43
6
6
6
6
39
31
31
31
37
39
1
1
41
41
8
8
8
8
8
28
43
24
24
6
43
10
10
47
16
16
18
41
41
41
41
15
15
3
20
2
2
2
2
29
29
29
29
25
25
25
33
14
46
46
41
3
28
47
47
47
22
23
49
49
48
24
39
39
13
43
43
43
43
43
43
43
32
32
32
23
20
20
20
20
20
35
16
30
40
40
32
32
49
41
27
37
37
45
45
30
30
30
30
31
46
46
46
46
