14
21
33
33
33
46
46
46
46
46
46
46
20
20
20
20
20
20
7
24
24
24
24
24
24
1
1
1
1
5
5
5
5
9
9
38
38
38
49
49
41
34
24
24
24
24
6
47
18
45
45
45
45
35
33
19
41
41
47
35
16
24
24
24
24
35
26
26
46
5
13
26
29
29
29
29
27
28
28
18
18
18
18
38
20
3
36
10
28
15
43
37
24
24
25
8
8
12
12
5
11
11
11
29
38
40
40
42
39
39
39
39
39
34
34
36
46
13
37
37
11
11
11
11
11
41
41
7
39
39
39
39
39
50
50
50
39
3
8
45
10
10
43
27
27
27
27
33
33
33
17
17
33
24
24
18
18
18
18
41
6
6
47
47
47
47
47
47
47
47
47
18
22
42
42
11
11
11
39
39
8
8
8
11
1
45
45
45
45
45
26
50
50
50
35
35
35
21
26
33
3
3
