44
17
7
7
7
7
7
7
31
31
31
11
11
9
31
3
3
42
42
7
46
7
9
9
9
38
38
15
15
17
17
17
46
46
43
43
39
39
37
20
45
45
45
45
13
13
18
38
38
24
24
47
47
47
47
17
37
18
18
18
18
38
38
40
46
46
46
49
49
16
18
18
37
37
37
8
40
16
2
27
40
40
35
35
35
35
35
39
39
39
39
39
28
22
22
15
34
34
34
8
36
16
16
9
9
43
50
50
50
20
20
22
8
37
37
37
37
37
37
37
37
19
19
19
46
35
14
28
47
36
36
41
41
41
6
6
36
36
36
36
36
46
46
46
30
30
30
50
34
49
41
10
10
10
43
43
43
43
43
43
43
27
18
18
18
18
18
18
3
12
12
20
20
20
24
24
36
6
16
9
9
1
22
30
30
4
9
50
14
14
37
37
37
42
42
42
42
42
26
26
26
26
