7
4
4
45
18
30
44
44
44
44
36
36
36
36
22
22
5
5
5
27
45
17
27
43
28
27
29
29
29
29
8
9
47
47
47
16
16
44
23
35
35
5
5
5
5
5
26
26
26
33
33
33
31
31
31
31
29
8
42
31
31
31
31
10
45
45
45
25
16
43
37
37
37
37
9
49
36
36
36
18
40
7
7
7
7
25
25
25
6
6
25
25
25
31
19
19
19
19
19
19
12
25
25
48
44
1
26
41
41
41
41
41
41
41
41
6
19
19
19
19
19
19
19
19
7
11
26
19
19
29
43
25
25
25
25
39
20
49
34
35
35
35
35
42
42
42
42
42
42
42
21
49
49
14
17
38
20
20
39
39
25
47
47
32
28
28
28
28
28
28
28
28
2
38
38
13
13
13
44
44
5
5
41
41
41
48
48
4
4
49
49
49
44
44
32
32
34
43
17
50
50
4
