34
34
4
39
46
37
37
32
32
32
32
32
48
39
15
25
25
25
29
48
45
45
45
1
5
36
4
44
25
25
30
30
30
27
1
28
4
4
22
22
22
22
26
18
18
43
32
32
2
13
29
2
44
44
44
44
44
44
44
44
14
29
29
27
27
27
27
27
27
27
27
27
21
21
8
2
35
35
35
35
42
42
42
13
13
50
50
50
39
10
49
49
5
5
23
23
23
23
32
32
32
32
32
17
43
19
19
19
1
1
1
1
9
45
45
45
47
47
40
40
2
44
21
16
49
24
24
47
7
50
28
1
42
35
20
48
48
48
16
16
16
7
35
35
35
35
10
10
10
10
31
29
29
29
37
9
9
9
9
40
40
40
40
18
18
1
1
8
31
31
31
50
50
50
50
50
50
50
37
15
15
44
44
45
45
45
45
22
12
12
24
24
49
9
27
27
4
4
4
4
4
13
