26
26
50
33
4
21
21
11
12
41
7
7
16
21
28
49
43
43
29
29
29
3
37
15
15
15
37
14
36
20
41
50
1
17
17
17
17
17
17
17
17
17
20
23
23
23
50
27
27
27
27
27
27
49
10
38
18
40
36
30
30
13
13
13
13
13
32
39
28
46
46
24
24
24
50
50
50
18
18
18
23
23
1
1
43
23
29
29
18
40
40
34
34
42
42
42
42
36
36
36
36
9
49
49
49
30
3
39
39
2
37
37
37
7
7
7
7
7
7
7
31
31
7
37
37
37
37
37
15
15
36
36
36
49
49
49
49
20
31
31
30
30
32
32
32
7
7
23
23
23
28
18
7
21
21
21
29
18
37
46
46
46
36
23
23
1
43
50
50
29
2
2
18
18
44
44
44
29
29
29
11
41
41
8
8
8
8
8
8
46
46
46
46
1
1
1
41
41
41
41
43
17
