1
1
26
26
46
46
24
18
18
18
18
19
38
39
18
18
18
6
3
3
3
3
45
28
28
28
8
39
39
33
33
18
18
18
1
1
36
24
24
24
24
42
39
39
39
39
39
39
13
13
3
3
46
46
46
46
44
44
11
19
41
41
10
44
3
38
38
17
47
45
45
45
15
15
15
27
49
3
3
3
3
3
2
2
2
2
2
27
38
19
2
2
10
13
35
10
12
14
14
49
49
49
49
49
19
19
32
32
32
32
32
32
32
28
28
16
11
11
11
11
12
8
37
37
37
37
46
19
19
45
32
32
32
32
39
22
30
30
30
36
16
33
33
48
48
27
36
29
29
48
3
35
35
11
30
30
17
17
14
14
15
37
37
29
12
12
7
38
38
38
38
18
18
18
18
44
44
44
44
44
36
36
36
36
36
36
28
44
44
44
42
42
42
11
11
11
11
11
11
11
38
38
