35
42
42
42
42
41
41
40
42
28
5
35
35
1
42
27
47
47
5
11
30
30
3
3
3
42
42
43
43
43
8
42
42
33
25
43
45
24
24
24
24
24
24
24
13
13
4
4
4
9
9
43
43
41
36
50
27
21
38
38
38
14
46
46
46
23
47
47
47
47
46
44
7
28
7
7
37
20
48
48
48
22
28
28
41
31
31
31
34
34
5
5
5
5
5
42
40
46
4
46
15
1
1
43
43
43
36
36
36
34
34
12
1
1
1
1
15
15
46
46
39
22
22
41
25
25
25
25
40
40
40
40
34
5
31
3
20
20
42
42
35
35
35
35
35
40
6
17
17
3
7
7
7
7
7
14
37
37
39
39
39
39
1
1
13
13
42
42
42
42
42
34
34
34
34
1
1
1
7
7
7
7
7
5
5
27
34
34
34
34
24
39
39
39
8
1
37
41
10
10
33
11
