9
24
1
24
24
24
24
24
3
41
40
40
40
40
40
27
27
34
46
46
46
46
12
12
12
12
12
50
2
2
40
1
5
5
5
5
24
24
6
23
23
8
8
8
25
25
25
25
25
30
30
30
30
3
3
11
11
6
46
46
3
3
3
25
25
25
25
27
27
27
18
12
12
12
16
27
27
27
27
22
22
50
3
21
5
33
33
33
7
7
7
34
34
34
27
17
17
37
34
34
34
47
20
20
9
40
40
4
4
4
43
43
43
6
48
48
48
32
32
32
8
50
50
50
31
31
36
36
36
42
40
34
34
49
49
38
44
44
44
45
45
28
29
29
29
45
47
29
12
12
5
33
33
38
38
38
2
2
2
16
16
42
46
46
31
31
31
4
45
45
9
43
46
4
4
6
6
44
26
32
32
12
12
12
12
48
7
7
7
34
38
38
29
29
29
19
19
19
19
19
19
19
