9
11
13
19
48
48
48
20
20
20
20
20
11
7
7
7
16
26
8
8
36
36
6
6
13
13
13
31
31
31
3
34
37
22
22
22
43
16
16
16
16
16
47
47
47
11
15
15
15
15
15
10
10
39
43
20
20
20
20
20
14
14
14
19
19
19
19
8
8
8
8
19
36
42
42
42
22
22
2
2
2
2
12
34
34
48
48
23
37
6
6
40
1
39
50
24
8
8
8
7
7
7
19
19
46
19
19
16
40
7
7
7
7
22
22
9
12
12
12
17
17
19
25
25
25
35
35
31
44
44
44
44
44
22
34
34
34
34
34
34
15
15
32
32
5
5
5
18
20
44
3
3
20
20
25
25
5
5
5
5
46
50
50
49
40
3
3
3
20
17
17
13
13
8
8
8
29
6
38
41
41
41
31
31
10
10
10
10
32
32
21
21
8
8
8
17
50
48
48
48
3
5
