5
39
39
47
50
50
20
24
40
46
46
46
46
46
34
34
19
16
16
16
16
1
22
13
13
13
9
9
38
28
28
28
14
14
14
47
47
47
47
1
10
10
10
12
14
38
38
15
15
15
26
26
26
26
26
26
26
29
29
15
15
38
20
20
27
27
27
27
14
10
19
18
18
31
44
44
44
44
25
25
25
25
18
31
13
31
26
26
31
31
31
26
7
20
20
20
20
25
33
33
33
33
1
1
48
21
28
28
28
28
28
28
28
28
28
28
14
39
21
2
2
2
14
14
14
16
14
25
45
30
3
32
32
14
14
50
27
27
27
31
30
33
33
27
27
27
27
27
27
27
35
27
8
10
10
45
3
30
50
13
13
24
50
50
44
44
44
44
41
41
41
41
41
41
41
7
7
6
6
6
6
6
41
41
41
41
41
22
33
10
48
48
43
27
17
47
20
20
20
45
49
49
