49
17
42
42
42
37
38
43
35
50
47
15
18
3
3
31
27
26
6
6
4
4
4
4
5
32
7
33
33
22
22
39
39
25
25
47
47
47
31
31
31
15
15
15
15
15
20
19
19
19
26
6
34
34
11
30
30
12
12
50
50
50
50
50
49
23
14
14
14
48
39
39
39
37
48
38
38
39
39
39
39
42
20
38
2
2
13
34
34
34
41
41
41
1
27
27
27
27
46
46
46
46
46
49
49
49
49
49
1
1
1
42
2
37
7
49
49
18
43
43
43
44
44
6
6
6
9
39
9
9
11
1
1
15
15
15
16
11
11
32
32
32
18
18
18
18
27
27
27
24
24
24
35
35
36
36
36
36
36
36
22
15
15
50
50
50
50
50
50
42
42
6
6
32
5
22
1
7
23
23
5
5
5
5
5
5
5
10
47
47
47
40
31
31
44
44
44
24
24
27
50
50
