27
27
27
7
7
7
32
21
21
21
21
22
38
38
38
38
1
1
1
8
15
39
41
32
32
32
32
38
25
34
31
14
14
16
16
36
2
47
47
47
43
43
43
43
28
28
5
5
23
23
23
1
1
1
20
45
50
23
43
5
25
25
25
25
25
25
25
25
25
13
13
13
30
30
30
23
49
46
46
23
27
27
44
44
44
20
20
9
9
9
42
42
8
8
8
8
8
19
18
25
21
21
21
47
26
5
5
5
27
4
35
29
29
19
21
10
38
38
38
15
15
21
47
47
22
4
47
47
9
9
12
44
23
3
3
3
15
15
15
22
3
35
14
42
7
7
7
10
2
10
1
4
18
18
18
23
49
47
23
12
12
27
16
16
33
33
33
33
33
13
13
50
38
15
33
33
33
33
9
42
42
42
42
42
43
24
20
44
30
30
31
31
31
25
25
34
31
31
31
50
50
7
