31
31
31
7
7
7
23
9
9
9
31
35
48
48
48
48
24
47
47
23
23
23
23
23
23
23
8
8
34
49
19
19
19
19
4
4
10
10
10
10
41
15
23
14
14
48
48
48
43
39
20
20
20
9
9
17
5
5
5
5
5
5
5
37
37
39
39
8
8
22
23
23
4
4
4
4
18
22
22
46
46
46
46
21
21
2
15
25
25
23
1
1
1
32
32
32
19
19
19
19
37
21
21
40
40
4
48
35
35
35
11
11
47
25
8
48
48
21
6
37
12
12
7
7
7
12
12
40
18
50
11
3
3
13
49
29
29
7
49
19
34
34
34
34
34
34
34
34
34
31
31
31
43
43
4
4
4
29
50
50
48
41
39
39
39
31
1
1
13
13
29
38
38
27
22
20
14
11
11
50
25
3
3
3
3
3
32
32
32
32
21
50
50
50
50
50
26
26
26
26
33
16
