46
46
5
5
34
34
45
3
4
6
6
6
6
6
29
10
38
38
38
38
38
50
50
15
15
25
36
8
8
40
40
40
40
40
35
20
21
42
28
5
5
5
37
1
23
23
23
23
23
23
5
18
18
11
11
11
11
31
45
27
4
5
5
5
5
5
5
5
5
18
18
18
18
18
12
12
12
42
41
49
49
49
49
49
49
49
12
12
12
26
5
5
5
15
15
9
9
39
39
13
13
32
38
9
9
9
9
39
39
20
20
31
9
13
13
13
13
13
28
34
34
34
47
29
29
18
18
5
5
13
13
13
13
36
9
9
9
9
14
14
42
42
17
17
17
11
11
12
24
24
24
24
24
14
40
15
15
15
41
48
11
11
9
9
16
16
30
20
20
20
20
28
28
29
29
29
21
9
9
31
14
14
25
35
50
50
25
25
25
25
30
16
41
46
46
46
46
46
46
45
45
4
