30
39
39
35
47
47
47
47
29
29
29
28
7
7
15
45
26
26
12
12
41
41
41
41
41
41
41
41
21
35
1
1
1
1
1
39
18
18
18
18
18
6
6
33
33
33
27
27
27
27
27
47
27
45
39
39
3
44
44
24
24
24
24
42
15
15
39
20
41
18
17
17
46
46
32
32
17
21
21
44
42
42
26
44
44
44
44
11
7
15
19
19
19
19
37
38
21
21
18
11
11
44
13
13
13
13
21
21
21
38
6
13
2
38
38
35
35
16
16
38
38
38
38
26
48
48
48
30
2
15
15
14
14
3
36
15
15
27
26
1
1
1
1
1
20
20
20
20
35
35
33
33
37
9
44
36
46
46
46
46
46
49
21
21
21
21
7
12
12
12
12
12
12
32
47
41
41
41
41
10
10
18
42
44
44
44
44
44
44
44
44
33
33
33
6
6
16
16
16
16
29
17
