31
31
26
1
1
1
1
43
12
12
12
24
24
39
39
22
45
45
9
16
29
46
46
46
30
30
27
27
16
16
3
30
44
44
44
43
43
43
35
35
35
25
8
8
8
8
8
8
24
24
42
42
4
4
4
4
44
21
21
31
31
31
31
39
12
8
34
34
40
39
39
39
39
14
24
13
30
4
4
4
4
4
32
32
32
25
36
11
34
50
3
3
16
16
16
6
6
6
26
31
29
29
29
33
20
20
19
19
19
19
8
9
9
9
14
15
15
15
15
15
15
15
37
37
37
5
48
48
48
14
14
9
9
9
9
41
41
41
34
46
40
40
45
21
14
35
35
35
35
35
24
24
24
24
24
40
40
29
8
15
15
41
4
4
1
1
12
20
20
20
9
9
8
15
4
1
1
1
27
27
27
27
37
37
22
13
9
9
13
13
13
8
8
8
8
7
7
29
29
32
20
20
