12
12
6
6
5
10
10
39
47
4
4
4
13
13
43
11
45
45
36
36
1
1
15
36
36
36
12
21
21
5
5
5
5
22
22
17
17
17
17
12
12
12
25
25
30
47
47
37
21
39
4
4
46
16
16
16
11
25
25
45
46
46
29
29
6
6
19
19
19
15
15
47
19
23
16
16
16
45
45
45
31
50
13
35
37
37
26
26
26
26
26
26
45
45
17
25
1
27
48
46
46
46
46
46
46
37
37
31
43
47
23
23
23
10
36
1
1
43
49
49
49
49
17
38
2
2
2
41
41
41
41
41
41
41
14
14
9
9
15
24
24
24
43
43
29
15
15
12
12
5
22
22
22
21
14
7
7
7
4
19
8
47
11
11
37
37
25
29
29
35
8
8
40
40
22
22
22
22
49
32
44
39
39
19
19
7
7
7
39
39
39
8
23
23
50
25
25
34
34
34
39
39
