15
15
15
26
47
47
16
34
47
47
47
47
46
46
16
16
16
16
32
21
5
5
5
41
41
41
41
25
25
10
4
4
4
23
24
24
24
31
31
22
22
22
25
39
28
43
34
34
45
15
15
15
18
18
18
18
18
45
45
10
6
6
30
20
20
20
20
20
20
13
13
37
18
4
22
34
34
34
26
2
2
2
2
21
21
21
34
34
49
20
39
39
33
41
41
41
41
41
41
44
36
36
36
31
6
3
3
5
3
3
3
3
3
13
13
22
22
33
25
25
25
25
25
41
41
41
39
39
39
39
39
45
45
45
47
47
13
13
41
41
41
41
35
40
40
14
14
35
42
42
34
14
37
19
19
19
19
48
48
48
7
7
27
18
24
48
48
44
39
39
30
30
30
30
50
10
38
38
38
24
14
14
25
15
15
15
15
26
27
44
9
9
26
26
26
37
19
19
10
10
10
29
