34
34
18
18
18
18
23
23
28
46
21
21
21
21
22
45
45
34
34
34
38
38
42
42
42
42
42
10
25
25
31
38
14
14
14
39
1
1
50
50
2
12
12
9
45
46
9
37
34
34
16
16
44
5
5
27
27
27
38
36
36
36
18
18
49
49
49
49
42
45
27
22
24
50
50
50
45
45
45
12
12
34
45
45
45
38
38
29
43
43
45
41
23
23
3
3
48
13
13
10
10
10
30
30
30
30
12
12
12
31
31
7
7
41
41
41
41
38
38
29
29
18
18
23
34
20
12
12
12
12
12
4
4
24
24
24
32
32
12
12
1
1
1
1
1
25
17
17
17
21
29
29
29
29
29
26
26
19
19
17
24
12
1
41
41
41
41
14
14
28
22
22
34
34
8
8
18
18
43
20
11
19
19
19
19
19
3
40
40
47
47
18
18
18
1
35
35
35
35
24
24
24
