47
42
23
4
30
16
16
16
18
18
39
19
19
13
29
43
43
43
21
33
27
27
27
2
2
5
5
5
9
9
22
28
46
46
28
38
38
38
9
9
4
4
31
18
18
33
16
16
16
16
1
1
1
1
38
13
13
30
47
31
1
1
24
42
47
19
44
40
40
40
40
2
18
18
18
1
1
1
1
1
1
8
8
8
25
34
34
34
20
20
20
9
9
27
27
27
27
4
22
22
20
30
30
14
14
46
46
46
46
48
13
48
27
46
17
22
43
43
43
16
16
16
16
48
5
29
29
43
43
43
35
26
26
26
14
14
44
44
7
7
7
11
39
39
39
39
47
47
47
47
47
47
47
32
30
30
30
16
16
13
13
5
34
34
34
34
34
6
35
6
6
30
30
26
17
17
17
13
13
13
13
13
13
13
13
12
12
12
21
45
45
40
40
40
40
47
15
46
46
35
27
27
