29
31
19
19
34
34
34
9
50
50
50
50
50
8
8
50
34
21
48
15
22
22
22
26
26
20
50
18
18
18
46
19
19
19
19
19
27
22
19
46
34
34
34
47
39
31
46
46
46
46
46
46
46
16
16
16
16
36
29
29
29
29
29
29
37
37
37
37
37
2
2
2
2
2
37
37
37
37
37
12
12
33
15
15
15
15
15
24
10
10
10
13
42
42
33
33
33
30
30
26
26
3
22
22
22
5
3
3
32
32
21
21
21
21
40
40
19
49
28
28
43
25
23
23
38
38
36
5
5
6
27
30
41
41
41
41
41
41
41
35
46
46
46
39
39
33
33
32
16
16
16
16
16
16
44
44
45
25
2
27
32
5
5
5
18
18
18
45
45
30
41
41
48
48
48
48
48
25
24
24
24
24
24
26
26
10
10
41
9
27
22
18
18
11
8
8
24
19
39
19
21
21
