46
33
23
23
23
23
23
27
44
44
41
41
21
21
21
36
36
10
10
10
10
36
44
44
44
44
19
19
2
27
43
2
30
30
30
30
30
27
27
27
27
29
29
35
38
18
18
18
16
11
11
11
48
48
26
1
40
37
46
46
19
11
24
24
10
10
12
41
6
6
27
24
20
25
25
25
5
5
5
36
5
48
48
48
27
27
43
28
28
28
28
50
24
24
24
24
24
24
2
11
11
43
4
4
19
21
21
3
46
46
40
40
12
12
12
12
12
2
31
13
13
49
49
35
35
14
1
17
2
7
7
32
32
32
32
1
1
45
45
37
15
15
15
15
15
15
27
2
9
9
49
37
37
37
42
49
49
5
5
7
7
7
7
7
38
31
34
34
34
34
16
47
47
26
26
26
8
17
50
37
41
41
9
9
25
20
20
20
20
13
23
23
23
23
33
33
37
37
32
38
38
38
