26
26
26
26
49
49
49
49
31
31
6
6
6
38
38
38
38
38
38
38
38
2
23
20
20
20
49
49
49
43
41
44
3
3
7
49
36
45
3
3
3
38
5
5
44
44
44
35
35
6
39
39
39
39
40
40
35
35
35
35
11
11
11
4
16
16
15
25
21
21
5
5
13
27
27
27
27
27
27
27
40
30
30
8
8
8
8
43
43
14
19
34
34
34
34
34
29
29
8
27
29
12
12
12
12
12
46
8
8
8
8
8
16
16
16
16
29
29
29
7
6
10
10
31
43
43
43
43
43
43
23
23
37
38
43
43
43
43
43
1
26
39
39
3
11
11
11
11
11
11
11
41
41
41
24
24
46
9
1
1
5
5
46
46
46
46
46
46
32
32
32
43
28
37
24
2
20
29
29
2
2
29
33
34
34
26
26
26
26
48
48
47
20
35
35
35
35
9
9
9
9
44
