31
38
12
12
12
12
43
46
46
41
41
18
38
38
38
49
49
45
14
21
21
21
21
21
25
43
43
43
42
42
24
13
13
23
23
23
47
47
47
23
39
39
25
25
25
25
25
25
25
25
25
41
41
41
41
41
9
9
9
37
37
37
30
30
30
27
27
47
47
47
47
47
26
26
38
38
14
14
14
14
14
47
42
42
42
26
26
26
26
26
26
31
31
31
36
29
27
43
35
35
35
35
35
35
47
19
1
43
43
24
24
35
27
3
3
20
20
24
8
8
8
8
8
8
38
38
38
17
29
23
38
38
38
7
27
27
27
27
16
2
12
39
2
2
7
42
9
9
9
9
9
49
16
12
12
1
6
29
24
13
9
25
44
44
25
44
44
22
22
10
23
23
7
7
7
7
43
43
43
43
43
43
43
30
24
37
11
11
20
48
45
17
4
4
4
47
47
47
47
29
29
29
