19
25
25
25
25
5
5
5
5
47
8
32
7
41
41
1
25
25
25
2
2
28
41
41
26
36
36
36
46
21
21
21
21
25
25
25
48
42
27
32
32
32
9
12
12
12
50
50
50
8
36
36
25
24
36
36
25
25
32
21
21
21
21
2
50
32
1
22
22
48
2
15
15
37
11
29
29
17
27
19
9
9
48
44
41
41
26
26
26
3
28
47
47
47
34
34
46
46
11
11
15
15
15
50
31
45
45
1
1
20
20
20
19
19
8
8
14
3
3
20
20
20
20
20
49
49
49
36
36
39
39
5
39
31
8
8
8
25
25
25
25
25
23
23
23
17
28
30
34
21
3
3
36
36
25
25
25
25
34
20
31
20
20
20
43
43
10
10
10
32
32
22
33
33
13
13
13
1
43
8
8
8
8
18
34
34
34
5
28
28
28
5
29
28
39
39
39
39
50
50
50
50
