13
13
38
38
38
11
11
23
33
33
4
4
39
30
30
30
30
30
24
24
8
8
8
2
2
45
45
45
42
2
2
36
36
46
5
32
28
48
8
13
13
45
26
37
37
17
17
17
17
17
17
17
16
16
23
36
18
18
36
6
6
6
36
30
30
13
33
33
33
37
37
37
37
37
37
15
8
11
11
11
8
7
11
11
12
27
49
9
9
41
41
35
19
47
20
20
15
8
33
22
22
5
47
47
47
47
3
3
40
40
40
36
36
15
15
2
32
32
32
33
33
33
1
1
1
13
20
38
23
23
23
6
35
35
35
1
1
1
1
1
8
8
8
8
8
8
34
1
1
8
8
8
8
19
20
4
2
21
1
29
29
29
24
30
41
40
43
43
43
43
43
43
43
43
43
10
17
33
33
33
33
6
6
19
39
9
12
13
37
11
23
49
30
30
6
10
10
10
10
10
42
17
