11
11
14
14
40
13
13
13
13
13
13
13
13
13
41
46
46
7
9
13
8
44
44
44
23
23
22
47
30
17
17
17
27
27
27
34
21
10
10
10
45
45
45
27
11
29
29
29
25
44
15
27
45
24
24
43
14
33
27
27
27
50
50
50
50
17
17
45
32
37
37
49
49
48
48
48
48
48
1
36
50
50
50
50
26
26
26
26
27
1
4
4
36
36
12
12
11
29
29
2
2
2
2
4
4
4
2
47
47
48
22
22
22
22
22
14
14
5
5
5
10
24
12
12
12
12
19
30
15
46
49
49
45
45
45
45
45
45
45
45
31
2
2
2
18
18
8
15
15
11
11
5
14
14
14
4
4
4
4
4
24
24
41
41
41
21
21
21
21
21
33
43
43
35
47
2
40
40
40
35
23
23
23
23
24
24
24
2
13
9
35
18
18
18
18
18
18
18
13
25
25
25
