4
39
39
39
17
23
23
23
23
23
50
50
4
4
4
4
4
20
20
20
22
22
22
43
20
20
35
5
5
5
5
28
28
48
1
21
16
16
50
50
13
13
36
36
36
36
36
36
6
6
26
26
26
37
41
23
32
32
31
31
28
28
43
43
7
35
35
45
45
45
45
45
45
39
19
19
19
20
20
4
4
4
6
6
6
6
13
13
19
19
20
45
23
3
3
3
3
2
2
9
9
9
9
9
49
31
8
29
22
40
40
40
38
38
44
44
45
45
16
16
16
3
16
16
36
36
4
4
18
18
18
18
18
18
13
13
13
13
22
22
22
22
13
13
40
16
49
49
43
26
25
25
11
1
1
43
43
20
20
20
20
3
3
3
7
7
7
3
3
9
9
17
17
17
17
5
5
5
37
37
37
37
37
37
20
20
20
20
24
10
27
27
20
20
4
33
41
41
41
41
41
41
