43
4
15
50
28
28
28
35
35
26
26
42
42
37
37
37
37
37
37
37
50
1
12
12
12
12
12
12
12
9
15
15
15
13
33
33
44
44
44
25
33
33
33
44
44
44
44
22
22
9
9
9
9
9
9
9
46
11
38
47
47
47
7
41
37
50
50
50
50
50
32
33
33
33
2
50
50
38
38
12
12
28
28
5
5
5
5
5
5
39
39
6
18
18
18
18
11
11
11
11
11
11
11
48
48
48
48
37
49
49
49
1
49
49
49
34
39
39
31
31
31
5
5
5
4
4
49
33
33
13
5
9
9
9
12
8
13
13
19
45
45
45
5
5
5
3
3
3
47
47
47
47
47
31
39
13
28
39
43
16
44
44
19
8
8
8
8
8
8
20
20
20
20
21
17
14
14
14
16
36
15
15
44
35
35
25
25
36
36
36
15
19
19
25
6
35
45
24
24
19
19
45
