16
19
19
19
31
31
31
15
15
15
42
42
42
42
29
33
8
8
8
47
14
14
14
20
25
25
25
25
7
28
31
31
14
14
26
26
26
26
3
3
45
37
37
37
37
17
4
9
7
49
49
49
49
12
29
3
3
3
15
8
8
19
19
19
19
19
19
19
14
5
5
5
27
27
27
10
10
10
10
27
27
44
27
27
27
5
19
4
13
13
13
13
13
19
19
4
4
16
16
16
12
38
14
22
22
22
22
6
6
6
22
22
22
27
27
27
2
2
24
33
33
33
33
11
7
35
10
7
7
16
20
24
24
24
19
14
4
11
49
49
49
19
19
11
38
45
45
24
36
37
37
37
37
4
4
11
11
11
8
38
42
42
42
35
28
7
19
19
19
14
21
21
36
36
17
33
33
33
46
46
46
46
46
46
37
16
16
42
9
17
17
17
23
23
12
17
29
25
25
25
1
45
