8
8
49
49
49
49
38
38
1
19
36
2
48
26
26
44
44
38
38
1
1
1
1
1
10
41
39
39
41
41
47
47
1
1
30
30
30
30
40
8
12
1
43
43
37
37
15
15
15
15
19
19
50
32
32
27
7
17
17
35
22
22
22
12
12
12
12
12
46
46
46
46
46
1
1
1
41
47
47
47
47
47
47
47
47
28
31
31
31
31
31
31
45
25
37
36
19
19
19
19
19
19
43
40
28
46
13
48
48
48
48
48
48
47
39
39
46
34
19
36
28
20
20
13
13
13
28
12
12
48
12
12
29
25
1
1
9
9
34
34
34
18
18
50
37
26
26
10
47
35
44
44
44
46
50
17
17
21
37
40
40
40
27
27
37
37
37
38
38
4
46
49
11
20
6
6
6
6
6
6
50
50
50
50
27
17
2
2
32
32
24
33
33
33
33
33
39
32
29
29
29
44
