12
28
28
28
28
44
44
44
23
48
27
27
27
27
34
34
23
23
23
23
31
31
38
38
38
35
47
47
28
24
22
17
40
40
40
17
29
29
29
3
4
5
38
2
42
5
25
25
25
3
47
47
47
50
50
50
50
50
15
39
39
12
12
14
14
3
16
16
24
45
45
21
21
50
50
14
14
22
3
42
42
33
33
33
33
33
30
44
37
32
21
21
18
18
11
17
24
24
3
48
44
32
32
32
32
32
32
37
42
42
10
43
43
43
43
40
40
40
10
10
48
48
46
38
38
2
6
41
41
34
3
3
3
3
3
3
48
36
7
7
7
7
28
28
17
49
49
10
10
17
30
30
16
34
1
23
23
32
32
10
10
26
26
34
34
39
39
39
2
2
4
4
50
13
31
31
31
31
31
30
30
35
35
16
16
11
11
11
28
43
43
43
43
4
4
4
12
12
12
12
12
12
