4
15
15
5
5
5
36
40
40
13
15
15
15
40
40
30
37
13
13
13
13
45
24
24
23
23
6
6
49
4
4
4
4
4
36
36
35
35
4
42
22
22
48
48
35
1
1
13
8
14
14
3
40
19
19
19
19
19
19
37
20
20
20
19
16
16
16
16
16
10
17
13
13
5
35
35
34
34
34
34
26
5
14
4
4
4
4
4
4
4
4
13
23
41
41
24
24
24
24
24
27
27
5
5
43
38
36
36
36
29
26
19
19
19
23
23
6
6
20
41
41
35
40
40
9
45
33
33
46
33
33
42
3
24
9
17
27
8
45
27
35
35
5
5
5
5
5
5
5
5
5
44
44
33
21
6
6
6
6
6
4
4
32
32
32
32
7
49
25
25
26
26
26
26
26
26
26
34
5
5
31
31
12
12
12
12
12
12
12
35
35
35
32
27
27
27
39
39
39
39
4
45
