1
1
43
43
43
32
33
37
37
37
37
29
29
3
3
3
3
50
50
28
28
28
21
2
2
39
39
39
5
5
5
28
46
30
36
50
50
50
50
50
1
21
21
21
44
44
44
32
32
11
44
45
5
5
5
5
5
14
14
27
27
16
16
10
10
45
7
7
7
24
25
38
28
28
28
48
46
50
50
23
13
46
30
30
30
40
40
3
3
22
3
3
3
3
45
45
6
6
50
50
37
37
1
38
38
12
36
36
36
36
36
20
26
26
1
36
36
30
30
25
18
18
18
18
21
21
15
15
44
47
44
14
14
14
25
21
19
11
8
15
15
15
36
18
35
24
24
24
24
24
24
22
22
22
22
22
22
43
49
49
3
33
33
29
43
43
50
37
37
7
7
7
7
7
28
8
39
39
39
39
39
43
45
45
45
15
15
39
39
39
11
11
36
36
40
40
40
40
40
12
37
2
