37
47
47
47
34
34
34
48
48
9
37
37
39
39
4
19
19
21
21
17
13
13
13
15
15
38
38
38
29
29
29
49
49
18
5
23
23
23
39
39
46
36
42
42
15
15
15
15
15
15
13
13
13
13
13
13
13
13
13
13
1
2
4
50
50
50
16
9
9
9
3
3
3
15
8
17
2
2
39
39
21
21
21
21
21
24
24
21
46
46
9
9
21
15
15
15
28
28
28
28
28
28
7
7
7
41
29
45
39
10
11
11
38
38
46
46
14
27
27
27
27
27
24
1
1
1
13
7
49
49
2
18
18
18
18
18
46
42
46
3
3
3
3
3
3
3
33
33
3
7
30
30
30
30
30
44
46
46
46
9
15
15
20
20
20
20
20
20
20
40
40
21
39
39
39
39
39
46
46
33
1
1
1
50
50
50
18
15
15
15
36
11
19
49
49
9
36
36
36
36
36
38
