37
37
31
31
31
19
25
25
44
44
1
2
2
2
2
24
8
8
13
13
19
1
1
1
1
16
6
6
40
5
5
5
5
5
5
5
44
27
27
27
27
27
25
25
25
25
35
31
31
31
31
12
12
42
42
42
34
34
28
3
3
3
18
26
26
26
10
10
23
23
23
13
13
8
41
7
41
41
41
31
37
37
35
36
36
36
34
15
15
2
2
2
2
2
27
27
15
21
21
6
46
46
3
3
43
21
23
32
32
10
10
28
16
21
21
49
49
49
28
32
34
34
34
34
3
38
44
44
50
50
50
50
50
35
35
18
35
37
43
43
12
44
46
35
10
10
16
46
28
23
23
23
23
42
9
9
9
41
2
42
42
23
23
20
20
12
33
17
17
28
20
40
40
40
40
39
5
7
7
23
23
49
49
1
46
45
45
45
45
26
3
1
39
39
39
39
10
15
45
45
36
36
