30
43
8
29
29
29
45
45
17
17
17
19
46
7
6
48
48
48
48
48
5
24
5
5
5
39
39
37
37
37
23
23
23
32
32
32
32
32
15
3
3
28
9
50
50
50
4
4
4
4
18
1
1
1
1
17
41
1
42
42
42
46
41
8
8
8
8
8
8
8
8
8
10
10
10
10
10
18
10
10
36
36
37
11
11
4
4
23
2
32
32
42
37
37
18
50
43
43
43
50
13
6
30
14
14
12
12
12
23
24
24
31
13
13
13
13
37
42
9
9
47
47
47
33
33
33
33
33
39
23
28
13
38
36
36
38
7
7
7
48
13
15
42
23
9
50
3
50
50
50
41
27
21
15
15
15
1
1
1
1
39
42
48
29
29
46
46
46
46
11
39
26
26
26
26
26
16
34
34
48
48
4
12
12
48
48
49
49
42
10
45
45
45
48
48
31
13
13
30
30
30
30
