28
28
28
28
28
14
14
14
14
44
14
14
18
5
9
47
14
14
47
47
5
5
5
5
5
5
5
5
5
5
5
11
19
32
44
28
38
38
38
38
38
44
24
24
24
24
20
20
20
20
41
13
13
27
10
6
6
46
12
12
23
28
10
10
4
44
44
44
23
23
23
21
21
40
40
31
31
43
43
43
43
47
31
21
21
19
26
11
31
31
31
33
33
18
18
39
18
18
18
29
1
35
5
5
5
5
5
3
48
27
27
27
27
27
2
3
7
7
7
7
48
48
48
48
48
40
40
40
40
14
14
14
14
3
13
13
28
9
33
33
46
21
12
29
29
29
22
44
28
8
33
18
20
20
20
20
20
20
21
22
22
22
12
12
12
12
36
43
31
38
38
38
38
16
47
8
8
8
8
26
26
26
26
20
20
23
24
24
32
49
39
39
39
13
13
13
13
4
4
4
4
4
