3
3
3
40
20
20
20
20
20
20
20
20
37
23
23
40
40
41
41
41
41
12
12
13
13
10
3
3
3
3
30
27
27
27
27
43
33
33
33
17
17
45
17
17
15
13
37
37
42
38
15
49
14
5
15
15
28
23
37
41
41
4
28
21
14
14
14
14
14
38
38
20
20
20
20
20
14
43
29
29
25
25
25
2
32
35
35
35
35
35
2
2
36
36
49
2
2
2
25
3
4
21
21
50
47
1
1
1
37
37
12
12
12
31
31
31
35
36
39
39
39
45
45
45
45
43
43
9
9
9
9
9
25
25
19
19
40
46
34
47
47
47
47
7
28
28
28
28
28
45
45
45
45
45
40
40
40
32
38
38
38
13
39
39
39
44
30
34
25
25
42
50
40
40
40
40
40
50
45
3
3
35
35
3
3
3
19
31
36
25
25
25
25
25
25
7
16
26
42
42
42
42
