14
20
20
46
46
25
25
25
35
34
5
5
42
7
7
1
5
29
35
35
24
24
24
37
37
37
18
40
3
19
44
44
44
46
46
46
16
16
30
30
46
46
33
33
39
38
3
8
8
8
15
31
44
44
27
12
12
23
39
33
43
44
2
3
6
6
9
9
47
48
47
10
10
3
3
3
6
6
1
43
43
43
43
25
25
19
23
23
23
23
23
23
23
23
23
23
23
33
33
33
33
2
6
44
22
7
1
4
4
12
26
26
26
35
35
24
50
2
2
2
2
25
47
42
42
35
20
15
15
37
37
31
44
50
50
22
22
22
22
22
43
43
43
47
5
26
19
29
29
29
29
37
37
2
2
2
42
42
42
42
42
20
47
22
48
40
40
32
38
38
17
17
48
12
12
12
12
17
17
17
17
17
10
10
39
39
39
3
3
36
44
44
44
43
43
9
9
9
9
34
11
4
