13
11
41
40
40
40
40
26
46
35
35
48
15
18
18
35
35
35
35
50
44
12
4
12
41
41
41
41
13
14
24
27
14
15
17
14
14
14
11
11
23
23
38
38
38
38
38
42
28
45
8
8
8
12
12
12
35
35
35
35
7
7
1
1
18
18
18
18
18
18
40
40
3
47
8
20
20
20
19
12
12
12
32
8
8
3
6
6
1
1
1
1
1
1
13
13
5
5
5
5
39
26
26
45
45
45
45
5
5
23
11
46
46
46
33
33
30
12
17
16
16
10
45
45
9
9
16
16
16
25
37
37
37
37
19
19
19
19
25
39
39
26
42
21
25
4
32
6
6
7
7
7
7
26
26
6
38
32
32
43
47
47
43
20
20
32
32
32
32
3
17
17
17
14
14
20
20
20
20
50
50
50
50
22
22
9
50
29
26
26
26
26
26
26
26
26
28
28
28
28
28
27
