48
1
21
35
13
12
42
42
46
14
14
4
4
49
9
48
48
48
20
46
46
35
11
11
11
11
17
33
33
40
40
40
40
40
40
40
40
40
42
9
9
9
9
9
43
43
6
6
6
11
49
29
2
7
34
46
46
23
23
38
38
38
38
38
38
28
45
6
6
46
12
12
12
16
3
4
47
19
19
10
42
46
46
46
21
48
48
48
48
48
48
48
48
43
43
47
14
14
50
50
50
50
50
50
38
14
14
28
28
48
25
25
40
40
20
20
1
1
38
4
4
4
22
22
22
39
39
39
39
39
5
23
36
31
13
13
34
32
32
16
8
10
9
9
9
26
6
6
29
29
29
29
29
1
32
5
49
37
37
37
37
17
11
6
6
10
10
10
7
7
7
7
13
19
9
9
27
27
27
27
19
38
26
43
43
17
17
31
6
6
6
4
4
4
7
16
16
16
32
32
32
32
