24
27
27
12
42
42
34
26
26
26
35
35
41
6
6
6
6
6
32
32
32
32
21
7
15
32
32
26
9
9
4
4
4
4
4
4
41
42
20
20
20
32
7
28
28
18
33
13
13
49
39
39
8
14
33
9
9
9
9
9
9
9
30
42
42
14
42
23
23
8
29
46
19
48
48
48
8
50
1
21
21
40
40
17
23
23
49
49
5
5
5
5
44
44
44
6
6
6
6
6
31
43
43
24
24
24
24
7
20
40
42
42
42
42
42
24
34
5
49
49
49
35
10
35
27
29
29
50
20
2
2
2
2
25
25
25
19
19
29
29
38
6
30
50
50
7
7
7
7
4
4
43
11
33
33
33
33
33
33
33
33
8
8
8
29
31
31
31
27
27
27
42
47
47
24
24
24
33
12
12
12
7
14
14
14
14
3
6
6
6
6
18
18
18
18
18
13
13
13
13
13
15
