21
21
9
14
13
21
33
33
33
33
33
33
33
33
12
12
18
18
44
44
44
44
11
50
50
50
50
36
36
36
15
26
45
45
28
4
4
3
3
3
3
3
29
29
29
29
29
3
3
2
40
44
44
44
15
20
20
20
20
20
7
28
8
8
16
16
1
1
12
31
19
19
46
46
48
48
48
12
28
6
42
42
34
35
35
17
17
17
27
32
32
18
27
27
41
41
41
41
30
30
34
40
40
14
14
14
14
44
5
3
11
9
26
26
21
39
39
39
10
10
35
42
23
23
32
32
1
1
1
26
40
40
40
27
29
29
29
16
38
9
9
3
3
36
36
20
20
20
43
50
1
1
11
15
8
8
8
2
2
19
8
8
8
8
20
7
2
7
7
18
4
15
15
15
5
5
5
5
22
12
35
35
35
35
12
12
8
8
8
8
21
21
21
14
14
14
4
4
4
4
4
4
