27
27
27
27
27
47
45
35
35
35
35
21
48
48
44
44
44
25
25
5
5
27
27
27
27
27
27
27
30
2
2
2
2
2
13
13
32
4
45
15
15
15
37
37
47
8
43
43
43
19
5
5
5
5
14
14
44
26
35
35
43
40
40
40
40
40
40
29
15
47
47
47
47
30
48
48
1
1
23
23
23
39
47
3
3
3
30
30
30
30
30
30
30
50
9
9
9
5
5
5
5
5
30
30
30
26
26
31
31
3
10
10
10
43
38
38
38
38
38
38
38
38
24
6
6
6
21
45
45
45
47
46
30
12
12
12
12
13
13
20
20
20
20
20
4
13
13
13
11
13
26
26
49
14
17
17
17
17
17
17
17
10
24
24
24
24
43
40
5
44
44
44
44
44
34
34
34
34
34
1
6
6
48
17
17
17
39
31
31
3
6
32
32
32
32
32
32
36
36
36
22
45
