42
42
22
22
22
22
22
12
36
50
50
50
17
17
17
17
17
49
49
33
33
33
33
33
37
37
37
37
9
9
9
37
37
37
37
47
47
47
47
47
47
33
43
28
34
34
34
34
34
43
43
23
23
23
50
6
6
34
2
34
34
34
23
11
32
32
19
11
11
11
16
16
16
16
16
16
24
49
35
21
21
33
33
33
7
7
7
42
42
42
42
19
19
19
19
19
1
38
38
38
2
15
15
30
30
30
30
30
30
30
31
26
42
42
42
42
42
42
42
49
7
46
46
46
46
8
8
42
42
42
44
18
18
46
46
45
4
4
33
33
37
25
17
17
17
17
17
17
17
17
11
11
16
16
16
39
29
13
43
32
32
16
43
38
29
14
14
14
14
14
14
19
19
45
45
50
37
10
32
50
26
21
21
21
3
37
37
17
17
39
20
20
20
20
20
20
42
42
42
28
28
31
