1
1
1
1
1
1
34
23
23
5
20
44
44
46
20
26
26
26
14
21
26
26
26
6
32
41
41
31
31
31
5
5
5
11
11
11
5
50
36
36
41
24
33
33
4
22
22
22
37
37
37
8
14
14
3
48
46
46
21
21
21
34
38
38
33
11
49
49
49
49
8
42
32
28
28
28
6
27
32
32
32
43
43
43
15
15
8
8
8
37
37
38
38
38
38
17
33
33
4
4
4
42
42
22
22
22
11
11
4
4
4
14
14
14
49
49
49
49
49
49
49
49
49
26
40
40
11
11
11
42
46
46
46
46
41
25
25
10
15
29
48
43
43
20
30
5
5
11
33
33
6
39
39
39
39
4
4
29
1
1
3
45
45
45
48
38
33
47
47
47
12
12
2
19
19
15
15
50
50
27
15
41
41
32
13
45
45
48
47
47
47
37
37
1
27
43
41
47
39
27
27
41
