18
36
36
36
10
10
10
31
27
41
42
42
42
42
26
26
6
4
4
46
30
14
41
41
46
11
11
47
45
11
10
12
12
28
46
46
46
31
31
6
23
23
17
21
21
21
28
28
32
32
32
32
32
16
18
18
24
24
24
24
24
24
24
24
24
24
24
31
14
5
33
3
29
27
17
17
39
49
49
37
44
43
3
3
3
3
8
8
8
11
20
7
7
14
14
7
7
14
4
4
4
35
35
10
22
22
21
31
29
29
33
35
19
48
43
43
45
45
45
45
30
30
11
21
21
21
30
31
31
31
31
27
3
7
7
7
7
7
42
47
17
17
17
43
19
49
49
26
26
31
25
25
25
25
8
8
8
8
7
7
7
7
7
49
49
29
29
29
29
11
24
24
24
23
36
36
36
36
36
36
7
20
20
45
44
31
26
26
26
26
32
32
32
32
49
49
9
9
36
22
22
22
