47
47
27
25
25
30
24
24
24
24
24
24
24
15
28
28
11
38
38
38
38
47
47
47
1
38
38
38
38
38
38
22
22
22
22
22
22
44
44
47
33
33
34
2
35
8
38
2
2
28
18
18
18
18
17
30
30
30
32
32
8
8
8
8
44
43
18
18
22
4
10
39
15
34
34
34
34
19
43
44
30
30
30
34
34
34
34
24
10
36
36
36
2
2
2
2
2
2
2
19
43
43
47
47
2
43
43
43
43
20
34
34
34
41
29
29
29
29
15
3
3
32
32
6
6
6
6
6
49
49
11
28
49
49
49
49
49
28
28
26
40
37
28
41
41
41
18
35
25
25
25
27
27
27
27
21
31
31
41
6
10
9
9
32
2
2
2
2
2
2
34
34
34
22
20
20
20
32
7
42
15
21
21
41
41
41
10
10
10
34
34
34
43
43
43
43
43
28
28
35
35
11
