36
36
43
43
3
5
5
5
5
8
8
28
35
3
3
3
23
23
45
34
18
43
43
27
27
27
12
12
12
12
12
12
12
38
38
38
38
38
33
33
33
33
17
17
17
1
36
36
36
13
13
30
43
13
43
43
43
36
10
33
12
12
38
38
13
13
21
21
21
12
12
9
17
17
14
14
19
40
40
40
30
30
30
1
47
47
43
43
23
23
27
29
29
29
29
50
2
2
2
3
42
6
11
11
25
25
41
17
7
34
34
34
34
34
47
47
36
4
4
4
45
45
45
12
32
32
32
32
32
32
32
32
32
32
32
32
19
19
19
42
42
42
40
40
40
40
40
18
18
38
30
30
45
45
50
50
31
47
47
17
15
33
22
22
22
22
37
20
20
26
3
23
42
42
42
42
13
23
23
32
11
11
11
11
4
4
32
30
2
50
50
50
48
32
47
47
44
44
44
44
44
22
