6
21
30
30
50
50
38
11
25
27
29
29
29
19
19
19
19
19
19
19
19
39
33
33
45
30
21
21
21
21
48
48
48
48
48
48
29
29
29
46
47
47
47
47
47
32
32
32
32
29
25
49
49
49
20
14
42
42
42
42
44
44
44
44
24
33
33
33
33
33
33
13
13
49
49
43
40
40
36
48
14
26
26
26
29
19
19
29
25
25
25
11
39
39
39
49
49
49
49
49
49
30
30
30
7
7
7
7
7
7
21
49
18
18
18
21
21
21
21
21
21
44
44
44
44
44
22
9
9
9
33
33
5
16
38
20
12
12
12
46
40
40
40
23
19
29
29
29
40
10
41
2
25
25
25
25
25
36
1
31
31
31
31
43
43
43
43
43
17
1
27
40
20
20
49
15
2
46
19
19
26
46
45
26
26
42
42
31
31
7
3
3
3
9
9
21
46
46
35
35
35
35
