20
48
4
4
13
1
30
43
43
43
41
41
15
15
31
31
31
31
31
32
32
32
13
9
9
9
9
9
31
24
36
39
39
39
11
11
28
40
44
44
44
44
44
44
44
22
22
29
11
19
19
24
24
24
44
44
39
39
13
5
5
22
22
11
11
16
25
40
40
40
17
17
3
3
10
10
9
9
28
48
1
1
1
16
35
15
15
6
31
26
26
26
26
21
21
45
45
45
19
30
30
30
36
43
6
6
28
28
28
28
33
9
4
9
9
29
38
38
38
38
38
21
2
2
14
14
14
17
11
46
46
32
32
32
32
32
17
41
33
33
29
14
24
24
24
39
39
26
13
6
7
7
7
46
46
6
43
43
43
30
31
31
31
31
30
14
6
6
8
19
19
19
5
5
8
8
16
36
36
36
36
36
33
33
33
33
20
4
4
21
10
43
43
43
43
47
47
28
28
39
8
9
