27
30
30
11
9
33
25
25
25
47
47
47
47
11
39
42
42
42
42
42
42
42
10
43
43
27
19
50
46
46
36
32
32
45
45
45
45
29
38
28
14
14
14
3
3
3
3
3
3
3
47
47
47
26
26
26
8
8
15
35
34
39
44
20
20
31
31
31
31
34
24
15
15
25
25
23
15
3
3
3
33
33
33
12
49
33
33
33
33
33
23
23
23
3
3
3
3
3
3
39
46
20
30
30
30
30
36
36
25
25
25
25
25
49
42
42
8
5
5
16
16
16
27
26
26
4
23
23
43
43
46
46
46
30
30
30
30
7
7
7
47
15
15
15
15
17
17
33
17
17
17
45
45
45
41
41
10
24
24
36
48
48
50
50
17
24
5
24
24
50
50
37
16
16
2
2
11
21
26
12
12
38
38
34
13
44
44
44
44
4
4
4
4
4
35
49
50
50
50
50
50
37
