8
8
3
11
11
11
22
22
22
22
22
33
26
14
32
32
35
38
38
38
38
21
21
21
21
31
24
13
13
13
16
28
28
28
28
9
9
9
39
43
33
20
36
44
44
23
19
19
19
19
19
42
42
18
29
1
1
32
25
25
25
25
25
19
19
12
8
17
1
21
39
27
27
27
27
33
9
9
9
9
35
45
45
45
1
6
6
17
17
15
33
33
33
33
33
33
11
11
25
2
2
2
2
2
42
43
4
40
40
40
42
42
42
42
42
47
26
34
34
17
26
4
4
4
4
4
4
4
4
4
34
34
34
18
18
43
43
36
36
23
41
41
41
37
33
12
12
12
30
30
30
30
16
25
25
29
48
48
24
24
20
29
29
29
29
29
29
16
16
32
32
1
1
1
12
12
12
49
10
40
23
32
32
24
24
18
36
38
23
1
1
31
42
42
17
17
17
17
17
14
14
14
