27
27
27
27
27
23
10
10
14
14
36
24
21
37
35
35
38
30
30
33
33
33
33
3
3
3
3
24
45
45
28
50
50
13
19
19
48
22
22
22
6
6
6
6
10
25
25
25
28
28
1
1
1
47
47
32
5
5
7
47
12
12
12
17
36
36
22
12
13
13
13
13
13
24
31
31
31
31
31
40
40
44
44
30
30
30
21
21
21
21
21
39
3
3
3
49
27
9
9
9
43
38
38
46
46
46
46
9
14
14
2
2
13
47
47
35
35
5
5
5
5
5
25
25
25
7
7
7
7
32
32
32
32
42
42
42
42
42
41
41
41
41
25
25
25
25
35
35
18
18
18
18
9
9
9
27
27
27
29
9
24
24
14
38
38
38
24
24
19
19
12
12
47
47
21
16
4
48
48
4
4
8
8
8
48
47
47
25
25
17
16
16
16
13
27
27
22
22
33
33
33
33
