28
49
10
27
11
18
15
35
35
22
18
45
28
28
31
31
31
47
45
3
42
6
24
24
24
24
24
50
50
50
50
37
23
23
23
23
8
8
8
8
46
46
10
10
10
32
32
50
50
50
50
26
26
26
26
26
48
15
16
16
34
32
45
45
10
10
10
10
10
10
5
5
5
5
38
14
14
14
34
1
1
1
43
28
28
26
27
27
15
27
27
27
45
45
27
9
9
9
18
16
16
16
16
19
32
32
32
7
20
20
24
24
24
45
45
45
45
3
9
34
34
8
8
32
32
49
49
49
49
19
16
16
16
16
47
46
46
46
46
46
37
4
40
40
36
15
48
48
3
3
10
41
41
41
50
15
15
30
30
30
23
34
32
13
37
37
37
37
37
15
33
33
7
13
13
13
24
24
34
34
34
34
42
42
42
42
42
49
49
2
39
39
39
23
27
39
39
39
36
36
31
31
