44
44
44
44
17
17
17
17
18
18
22
4
4
28
28
39
39
45
45
45
42
18
18
37
37
36
36
36
2
2
2
5
5
14
14
38
38
29
29
29
5
5
32
32
32
9
45
8
8
8
8
8
14
14
14
24
24
6
6
6
6
15
15
15
15
11
11
11
18
26
26
42
4
44
44
15
9
9
9
9
14
14
14
14
14
14
14
36
36
26
26
7
7
7
7
7
10
10
10
10
10
38
38
38
38
38
38
38
38
38
41
39
45
45
12
5
5
5
3
35
35
35
1
43
43
41
41
41
43
5
5
7
7
41
10
10
10
10
31
31
31
31
31
26
50
27
27
27
15
15
15
15
15
15
15
15
15
15
15
46
30
30
30
30
35
13
8
8
8
8
8
8
8
8
8
8
35
9
9
9
9
9
9
9
9
9
4
25
27
27
27
27
27
34
34
29
37
17
26
26
26
5
