29
39
39
5
5
15
15
7
7
7
7
7
45
45
43
16
16
16
19
17
12
8
8
8
8
8
8
15
15
17
28
28
35
48
2
20
38
38
44
37
21
21
21
21
9
49
49
42
42
42
13
34
34
8
8
8
8
8
8
14
14
14
14
34
34
34
34
48
48
48
13
2
13
46
46
16
16
16
49
22
4
4
4
4
4
42
42
42
42
42
42
42
7
7
7
8
22
47
2
2
1
1
45
45
45
45
15
37
37
37
37
37
1
1
1
1
13
13
17
17
17
17
50
3
3
3
8
50
50
50
4
34
34
34
14
14
14
6
42
2
2
2
2
14
41
32
25
25
25
17
2
2
2
2
2
21
35
16
23
24
24
32
32
32
32
32
42
43
43
5
5
5
5
42
39
50
50
15
27
27
8
16
16
26
13
13
13
8
8
23
44
44
44
44
50
50
50
50
50
10
44
50
