41
46
46
46
2
30
30
32
32
20
20
36
21
39
39
39
39
39
39
8
8
34
34
43
43
43
43
43
43
15
50
50
50
12
12
12
5
5
5
24
24
15
15
38
38
28
1
1
38
15
15
40
20
21
28
28
22
22
6
6
6
6
47
47
47
47
16
24
24
24
14
14
14
14
1
37
37
34
14
14
14
14
14
23
23
23
23
23
23
23
31
20
20
2
2
2
2
2
2
14
39
30
41
3
3
29
29
29
37
37
50
29
29
29
49
49
49
49
49
49
45
46
4
4
44
6
43
43
43
43
43
28
36
5
21
21
37
37
29
29
42
45
40
11
11
11
35
36
22
22
22
22
4
24
30
30
30
30
43
1
1
7
16
20
32
32
32
41
41
47
39
39
21
50
6
20
2
2
45
45
20
50
19
19
28
6
6
23
23
23
39
12
33
33
39
2
2
1
24
24
24
24
