45
45
45
1
48
48
7
28
25
48
47
47
47
47
37
37
1
48
48
43
23
23
30
24
24
9
9
50
50
50
50
21
21
8
8
30
30
30
8
8
3
19
19
19
1
1
1
36
36
36
27
41
13
13
22
9
9
50
50
50
50
50
50
50
50
47
26
26
26
2
30
30
30
30
34
3
22
41
27
38
25
25
40
30
30
28
28
26
26
26
26
26
29
29
29
14
14
14
34
34
50
50
50
3
49
19
19
19
19
19
19
17
17
17
44
24
1
23
23
23
1
1
1
1
8
8
25
25
4
4
14
49
49
49
31
32
33
33
33
10
10
23
5
39
39
2
1
1
18
18
18
18
18
34
34
34
20
20
20
48
25
9
9
9
21
21
21
21
21
21
20
18
6
6
21
31
31
5
5
5
5
34
34
34
27
25
25
25
25
20
5
15
15
15
15
15
15
50
50
15
15
40
