8
35
35
11
25
25
25
25
47
47
47
10
10
38
38
38
3
3
16
16
29
29
46
46
37
16
16
16
17
17
30
30
30
30
48
2
2
25
6
43
25
25
34
46
46
46
46
7
31
1
3
31
31
31
31
31
27
30
30
31
33
17
33
33
11
11
10
10
10
15
12
12
41
41
41
41
39
1
41
34
34
17
17
11
50
50
50
50
50
11
38
1
1
40
40
39
15
15
15
19
45
24
24
24
28
28
28
28
49
26
26
6
9
3
3
3
50
45
45
45
45
42
42
42
42
3
3
38
38
38
31
3
39
39
35
3
49
49
49
38
39
39
39
22
22
22
22
22
22
40
16
16
8
5
5
39
18
18
20
20
15
14
1
1
1
1
8
8
8
8
40
2
2
34
33
39
7
7
7
7
7
12
12
12
33
4
47
4
4
21
41
41
41
2
50
34
39
39
39
39
39
10
