33
30
30
35
35
38
31
44
44
44
44
44
26
26
26
17
45
45
45
40
40
10
10
11
11
11
11
4
4
4
4
49
4
12
40
25
42
45
45
45
45
19
19
19
19
19
18
49
49
49
9
9
20
39
39
25
25
25
25
5
37
22
22
22
39
39
20
20
45
3
3
13
16
16
16
21
29
29
29
29
29
22
16
16
16
16
16
16
16
18
25
25
36
36
41
41
20
20
41
41
41
11
28
15
13
13
13
13
13
36
36
20
10
2
2
2
27
27
29
29
20
37
44
50
50
50
42
37
37
37
49
49
31
4
4
4
1
1
2
30
49
4
8
8
39
10
6
6
36
21
21
21
21
14
14
22
22
26
26
26
26
27
2
2
2
37
42
23
23
23
23
42
1
1
4
41
41
36
36
44
46
26
26
26
26
26
26
24
24
26
30
30
30
27
27
10
10
4
4
4
4
4
