32
32
28
21
48
48
48
48
2
25
31
31
6
46
46
46
46
46
46
46
4
19
8
3
33
33
31
31
27
27
38
38
38
38
7
47
47
12
12
34
33
33
33
33
11
24
24
36
43
22
27
27
27
47
47
47
41
38
38
38
38
38
50
37
44
44
44
32
27
21
21
21
16
16
5
5
5
30
30
5
36
36
50
50
50
50
50
50
50
50
44
17
17
17
17
17
25
25
25
45
45
30
30
30
30
30
22
22
22
41
41
41
41
29
29
18
26
8
12
12
21
21
30
10
50
27
27
27
27
41
8
8
13
13
47
14
14
22
22
47
14
14
1
1
1
47
47
47
26
26
26
11
37
50
50
50
50
50
36
36
36
7
24
48
48
48
45
39
39
39
39
30
40
14
14
14
7
7
25
35
30
30
22
22
22
11
30
25
18
18
46
46
35
32
35
35
25
25
25
25
25
14
