32
32
32
32
13
36
47
43
2
2
2
16
43
40
40
40
15
15
15
24
50
18
31
1
1
30
30
30
30
35
35
37
37
37
37
37
47
38
35
35
33
33
5
5
5
5
5
5
23
20
19
19
19
34
34
35
35
36
47
1
26
28
28
28
18
34
46
36
14
14
9
35
35
35
35
15
45
45
45
31
23
10
10
34
34
50
18
26
11
40
42
42
44
44
7
28
28
41
29
9
43
43
24
11
11
11
11
11
6
27
15
17
17
17
41
25
20
20
20
27
27
27
27
27
46
46
23
23
23
23
44
44
44
44
50
50
29
18
18
18
18
18
18
18
18
22
12
36
36
36
36
40
40
40
40
40
15
15
15
2
2
22
1
1
1
14
14
31
31
5
5
5
5
5
42
42
50
44
14
14
38
38
38
6
6
6
19
19
19
19
16
16
16
16
46
45
24
50
50
50
50
50
