34
34
34
34
34
15
15
15
13
43
43
4
4
4
4
4
23
23
21
21
21
22
22
44
44
37
47
47
47
20
20
20
17
39
48
48
31
15
38
34
34
34
34
26
31
48
48
47
25
25
25
38
13
28
38
12
40
40
40
40
40
13
13
13
26
26
26
37
16
16
16
20
21
5
4
4
24
24
20
26
26
26
40
40
14
13
13
29
15
14
11
27
27
27
27
27
29
8
50
20
3
12
12
12
45
45
45
11
3
3
3
3
3
3
3
13
13
13
13
1
1
1
1
1
1
39
39
39
45
39
39
6
6
45
45
45
13
13
13
13
13
13
13
13
6
22
22
27
27
6
6
6
27
27
22
22
22
32
32
47
6
6
6
4
4
44
19
19
41
24
24
24
15
15
15
15
15
35
9
24
24
24
39
39
11
11
11
11
11
28
28
2
2
31
31
34
34
2
20
20
20
20
