31
32
32
8
47
47
41
41
41
42
42
13
13
13
13
3
3
15
35
35
23
23
23
13
13
10
29
29
29
25
25
25
38
38
38
37
37
37
46
49
27
27
5
46
40
19
19
46
24
35
35
35
7
3
3
3
12
12
12
12
5
17
17
30
30
5
5
5
5
37
37
37
50
18
18
33
48
48
24
24
24
8
2
2
2
2
2
26
47
47
16
34
34
34
12
12
44
44
11
29
25
25
25
8
8
2
34
34
34
28
28
4
40
47
20
14
14
36
36
29
46
23
38
38
31
31
31
8
15
33
33
33
8
8
15
7
37
35
31
33
13
13
14
14
14
14
23
23
23
23
23
23
23
4
4
4
4
4
17
17
17
17
33
34
34
34
24
20
20
20
20
20
20
6
21
21
40
39
39
6
34
39
39
48
31
8
8
8
8
31
31
31
28
22
22
22
22
22
20
49
49
49
