8
8
24
24
24
24
11
11
11
11
16
7
37
37
16
16
39
48
7
7
7
7
38
38
14
14
10
10
10
10
8
8
39
17
17
17
17
38
8
8
8
8
21
26
42
16
20
20
27
27
27
30
30
33
33
13
13
13
16
16
32
17
17
17
17
17
26
26
11
39
39
39
39
39
33
33
26
29
29
29
29
29
29
45
45
45
44
44
44
39
39
28
28
46
46
46
37
37
37
36
36
36
10
21
47
41
41
41
41
22
22
39
39
39
39
8
47
47
9
9
24
8
47
24
24
17
17
17
17
11
11
36
36
45
45
26
26
35
35
35
18
18
18
12
35
35
45
45
45
45
33
8
33
10
6
47
37
37
37
37
37
37
37
26
37
37
37
37
16
3
3
11
11
11
2
2
41
49
30
30
18
12
12
12
26
26
2
48
48
48
48
35
1
21
21
21
21
21
21
21
17
41
