18
18
18
18
22
31
43
19
16
48
48
48
25
9
9
10
38
38
1
5
5
4
4
36
36
48
48
34
5
5
40
43
43
43
23
23
23
23
36
36
36
36
30
42
23
12
12
12
24
32
32
46
46
38
6
6
6
6
6
6
6
26
26
26
26
23
6
6
23
23
41
49
5
35
44
44
44
33
33
34
30
46
44
44
44
44
44
44
44
44
44
34
16
28
36
12
39
4
4
39
27
38
31
24
24
37
37
22
22
29
29
17
17
17
45
45
45
41
41
41
39
40
20
20
7
6
33
30
30
30
19
19
35
35
35
35
35
35
35
35
22
25
25
25
25
25
25
19
19
19
19
19
1
1
42
42
28
7
11
11
11
11
50
12
16
16
45
45
45
15
27
8
8
8
33
11
6
6
6
7
7
7
22
22
25
25
41
36
36
36
31
31
33
33
33
33
50
50
50
22
7
14
