7
7
39
39
39
39
36
36
6
19
19
19
19
29
29
29
14
2
50
12
12
12
19
19
35
35
35
18
24
24
24
24
24
15
15
23
23
23
44
39
39
6
24
24
24
24
34
34
50
50
50
15
17
45
26
30
30
46
14
39
39
38
38
28
22
26
26
26
2
16
16
24
21
15
12
12
13
13
38
38
2
2
33
33
37
37
37
38
38
38
38
38
21
1
35
35
42
19
19
11
11
11
19
19
19
19
19
19
9
9
9
13
3
3
3
3
3
30
22
28
2
39
24
20
20
20
36
19
19
19
19
31
31
31
17
20
20
31
18
18
18
1
1
1
1
1
1
10
10
25
25
25
24
6
30
30
30
30
30
2
2
2
2
46
25
21
21
12
49
49
21
9
4
4
32
5
5
5
5
5
33
26
26
26
26
36
14
14
6
6
10
10
10
10
10
19
19
29
16
24
24
33
