10
43
16
16
16
16
37
37
37
42
42
20
48
14
45
45
24
36
36
36
36
36
42
45
44
44
44
44
44
37
37
37
41
41
16
9
9
5
39
39
39
39
7
1
12
12
17
21
21
21
21
21
47
47
46
46
6
6
27
25
10
10
38
38
31
31
35
35
14
46
46
46
46
46
46
46
46
4
42
44
44
44
44
44
40
44
36
41
41
17
17
34
34
34
34
6
6
6
7
24
24
39
39
25
19
9
9
5
15
15
15
20
20
20
20
19
19
15
50
33
33
13
35
35
11
11
39
4
4
28
28
47
26
47
47
36
13
13
20
20
48
48
48
39
39
50
50
20
39
39
34
34
29
29
22
22
22
22
50
40
40
40
3
16
31
1
1
11
11
13
13
13
17
29
27
27
37
37
37
37
37
17
25
49
49
49
21
21
3
3
14
14
14
3
3
38
24
24
24
24
24
45
