18
44
44
44
27
27
27
36
20
20
20
20
9
4
4
34
10
10
31
1
33
11
11
11
11
11
40
2
17
2
27
27
48
48
48
48
38
32
32
32
32
32
32
47
5
34
19
19
19
2
2
2
2
25
30
43
43
43
43
48
22
22
22
22
39
33
33
9
20
20
28
35
35
39
39
34
34
34
34
34
34
31
47
33
33
33
19
9
16
16
5
5
19
19
19
15
4
4
4
4
4
4
4
4
4
44
6
17
7
7
7
7
7
7
2
39
39
18
8
14
14
45
48
48
48
46
25
39
39
31
31
31
31
31
31
31
31
17
17
35
35
14
16
4
37
21
34
34
34
34
34
34
46
6
24
24
24
9
24
24
24
24
23
36
36
36
36
36
23
18
4
4
4
4
23
23
43
4
13
13
13
13
13
13
20
30
43
37
34
35
35
46
21
7
7
7
7
7
37
6
6
6
