27
11
11
11
11
11
11
11
25
10
44
15
15
15
15
20
15
36
36
36
36
38
22
22
22
8
24
40
5
31
31
50
50
50
8
18
4
4
34
34
34
34
43
24
22
22
17
1
1
1
37
50
50
1
17
17
9
18
23
23
4
20
20
32
14
14
33
33
25
25
49
6
11
11
30
30
12
3
12
8
8
7
7
15
8
8
8
37
34
50
16
16
50
50
1
45
11
11
22
16
16
41
28
41
6
36
36
36
36
46
22
22
8
14
14
14
14
14
14
14
14
14
27
50
40
40
40
40
40
19
19
19
15
15
33
33
33
40
41
6
10
10
36
2
12
12
25
42
42
36
36
36
43
43
43
43
43
43
43
43
43
43
12
20
16
16
16
16
4
4
4
4
4
33
4
4
40
40
24
3
3
9
9
19
19
19
19
24
32
3
44
44
44
44
39
39
33
18
18
39
39
48
