17
32
32
14
38
38
20
46
7
7
6
15
15
15
15
15
12
22
4
4
4
49
49
1
1
48
26
26
40
48
33
39
39
39
39
20
20
17
17
25
25
25
40
40
5
5
22
22
43
43
43
5
5
32
1
1
1
1
33
28
9
25
37
37
37
37
37
37
43
31
31
31
15
12
12
41
34
7
46
37
37
41
42
16
16
16
45
45
45
43
43
46
46
9
6
6
6
6
18
8
11
11
46
46
35
13
13
13
13
13
19
6
5
18
27
47
47
27
22
22
46
46
34
34
34
19
6
31
27
27
2
20
21
42
11
11
11
9
9
9
9
9
9
21
21
21
47
47
47
20
30
30
25
31
39
39
39
39
39
39
39
47
47
47
47
31
31
7
7
16
26
26
9
9
9
29
29
47
47
47
32
20
36
21
31
34
40
40
13
46
46
46
47
40
11
11
27
27
4
34
3
35
