14
3
33
33
33
33
20
20
19
19
19
19
19
11
11
14
48
48
36
36
36
36
34
34
32
32
32
32
13
13
13
48
26
27
27
21
32
34
34
31
45
27
29
46
46
28
14
6
26
26
26
26
29
29
44
16
16
16
16
16
32
15
15
17
1
1
1
2
2
2
2
37
37
37
37
37
5
10
10
10
38
38
38
37
5
30
30
24
17
17
10
36
36
36
36
12
33
47
38
38
4
4
4
33
33
28
28
28
25
25
2
2
43
2
50
50
50
28
9
32
38
38
44
44
44
47
47
24
24
1
39
22
22
15
15
2
29
40
22
22
11
11
11
32
32
23
23
23
34
18
30
47
47
5
5
23
23
23
42
42
23
23
23
3
37
37
26
26
26
25
44
44
44
44
44
44
19
19
14
5
5
5
10
14
9
9
9
9
44
44
4
4
33
12
2
2
2
19
19
34
2
16
