43
35
35
50
35
43
39
39
39
39
25
16
6
24
24
31
45
45
45
45
45
45
40
40
15
21
21
10
45
45
45
45
45
24
47
47
36
36
19
19
19
19
19
27
27
22
22
22
39
35
35
35
35
35
22
7
7
2
39
14
14
14
50
50
43
50
50
10
12
12
19
19
19
19
21
21
17
17
49
28
19
19
19
19
6
6
6
6
27
9
25
25
7
7
13
13
3
31
31
31
1
1
46
27
26
26
26
50
50
50
47
47
34
10
17
20
20
20
7
7
7
48
34
34
34
34
34
17
36
36
36
36
45
45
5
5
5
25
8
8
8
22
22
27
17
13
13
13
13
29
6
46
3
3
3
25
25
16
25
26
26
11
11
1
31
31
20
20
20
24
33
33
28
42
43
43
26
25
21
21
25
25
25
43
43
28
38
38
25
25
25
11
14
14
14
14
11
2
2
2
2
2
