48
48
48
5
5
7
7
7
7
49
2
33
36
1
1
45
45
23
25
25
38
2
2
2
6
6
7
7
9
9
9
9
37
12
41
47
47
47
47
34
34
24
24
16
16
34
34
34
33
33
33
33
33
34
1
1
34
23
23
23
23
23
8
48
48
5
30
15
15
30
30
7
7
7
45
45
45
28
23
16
36
36
36
36
38
15
15
15
47
1
1
1
7
7
7
7
15
15
18
18
18
18
18
18
29
20
20
14
13
13
13
13
30
39
39
39
21
21
21
21
47
29
8
8
11
11
11
45
45
45
47
7
7
16
46
46
46
46
8
8
8
8
7
16
35
35
50
50
17
17
30
30
30
18
18
18
18
14
9
11
48
48
48
48
38
38
38
38
26
26
13
38
11
11
11
1
41
41
41
36
36
32
40
14
14
47
20
33
33
38
38
47
47
40
40
49
49
23
13
41
41
41
