19
46
46
2
27
25
42
42
42
45
45
45
45
45
45
9
1
15
2
2
11
46
46
41
28
28
28
28
28
28
21
21
5
1
1
1
1
17
10
10
36
33
33
33
33
7
7
7
7
26
27
27
46
26
18
18
23
23
23
23
30
7
47
27
27
27
27
27
22
22
22
22
13
13
33
6
3
4
4
1
25
33
10
10
10
10
10
32
32
23
36
36
10
10
3
8
8
41
12
10
40
17
30
30
20
20
20
33
38
36
36
30
30
40
40
40
40
21
33
4
4
4
4
4
25
24
24
24
27
27
40
40
38
29
29
29
29
29
3
3
38
38
38
36
41
10
10
10
10
10
18
18
47
25
13
13
13
13
30
35
23
23
33
24
39
39
24
24
34
1
1
1
46
19
24
24
16
49
8
8
8
8
8
33
33
42
25
14
29
3
3
19
40
26
8
8
8
8
1
1
1
40
