7
39
39
39
39
50
28
14
44
44
44
44
44
44
44
41
41
41
24
24
34
8
8
12
12
36
6
6
6
6
18
29
29
29
29
2
46
46
8
8
8
8
25
25
25
25
25
25
25
25
25
25
16
11
24
24
45
12
12
4
15
20
30
34
34
34
49
41
41
41
38
3
3
3
3
3
3
3
3
3
3
14
27
19
19
19
9
9
9
9
32
32
32
37
29
29
29
4
43
48
10
10
10
10
50
20
20
40
40
40
1
1
1
1
1
1
42
30
30
30
30
30
25
25
25
25
25
11
17
30
20
20
20
31
43
10
13
15
41
41
41
34
34
34
34
38
38
38
38
23
23
23
23
23
23
23
23
50
5
45
12
27
27
43
44
44
25
17
11
11
11
11
11
11
48
48
47
47
47
47
21
21
21
21
11
11
38
38
10
10
10
10
25
25
25
25
3
39
39
37
47
47
