23
23
23
23
23
8
46
46
46
46
45
33
33
19
23
30
30
3
3
3
41
41
41
41
41
41
16
38
38
38
30
30
31
15
15
31
31
31
31
14
14
14
25
25
35
35
35
35
1
14
14
14
14
12
12
29
3
3
3
21
33
34
34
37
45
45
45
23
15
15
15
15
15
14
6
5
5
5
17
17
21
15
15
6
42
32
34
16
23
23
23
7
40
8
8
12
12
10
11
11
11
11
49
49
9
9
9
9
19
18
26
4
34
44
44
10
10
10
18
39
36
36
20
20
14
14
44
44
19
19
19
19
20
43
6
46
46
46
46
46
46
44
44
44
44
44
44
44
44
44
44
17
44
49
12
12
13
13
13
44
44
44
11
11
20
20
20
36
36
36
39
39
15
42
38
38
49
25
19
19
19
34
34
34
23
27
37
5
5
5
3
3
3
26
49
49
41
41
41
40
40
19
