3
3
3
3
3
42
42
26
44
44
44
30
4
37
47
19
19
25
25
47
47
14
14
40
40
50
4
4
19
38
38
38
43
27
27
27
27
27
15
15
15
42
14
14
3
3
49
49
15
14
8
8
37
7
7
7
15
18
18
48
48
21
21
23
23
23
18
18
28
28
28
28
47
38
37
49
34
34
32
32
32
23
23
18
18
18
21
21
22
22
26
11
8
8
11
42
44
47
47
19
19
7
37
3
4
14
14
14
13
29
29
29
42
26
36
36
44
44
44
11
25
25
38
38
25
26
6
11
14
20
12
12
12
12
12
12
12
28
19
43
43
37
37
37
37
37
37
37
48
3
3
3
40
27
18
12
12
39
33
9
9
38
47
4
22
22
22
35
35
2
2
2
2
39
39
16
7
7
7
7
7
11
11
11
20
20
47
47
47
47
47
11
37
22
22
31
9
9
9
29
29
29
