20
10
10
10
10
10
25
25
13
13
33
39
39
49
9
9
9
5
5
43
32
48
48
8
5
5
19
42
38
37
14
48
27
27
33
33
46
18
18
18
18
1
1
1
1
1
6
36
1
6
6
32
32
32
32
9
38
11
11
27
27
27
38
29
29
29
13
12
14
14
14
14
11
13
9
29
47
47
6
21
21
21
21
9
41
41
41
41
14
20
20
22
22
1
1
1
1
4
4
4
4
44
17
5
5
5
5
5
5
6
47
43
43
27
38
38
38
10
14
5
5
11
27
23
23
50
24
24
24
24
13
11
11
11
4
18
7
7
7
7
7
7
20
46
39
39
31
31
31
31
11
11
11
50
36
36
36
36
36
36
36
27
30
30
30
30
30
30
30
9
9
9
9
3
3
17
46
46
46
46
17
2
2
47
41
21
3
3
3
41
47
15
15
15
15
6
26
26
26
26
30
30
