14
7
10
25
25
38
16
16
23
23
23
23
11
2
2
2
1
3
3
26
49
49
1
1
1
10
10
10
29
29
29
29
23
26
47
47
47
47
47
47
47
35
49
49
49
42
42
17
8
8
8
21
21
21
21
21
21
21
21
33
33
33
36
36
15
18
11
11
29
29
29
29
1
1
16
16
16
16
16
16
16
16
24
7
7
7
7
18
9
9
9
9
49
49
10
10
7
23
23
23
13
13
28
31
30
3
3
3
3
3
3
2
49
18
18
5
5
5
5
21
21
21
38
6
32
6
37
37
37
37
29
39
39
27
23
23
23
23
15
26
22
22
22
22
35
23
26
46
13
13
20
20
20
8
8
8
27
27
39
39
41
41
41
5
5
5
12
2
10
13
13
13
13
47
47
5
18
18
18
18
18
13
23
28
5
29
33
47
47
47
30
30
7
7
7
7
32
32
32
30
49
49
