43
4
4
4
4
4
4
4
32
32
32
30
30
23
7
7
7
7
21
21
21
18
9
40
33
33
38
38
37
19
19
11
11
11
21
21
21
29
29
29
43
45
45
1
3
5
5
5
5
5
14
14
7
7
7
7
15
15
15
15
10
46
7
7
31
43
43
43
43
43
43
43
23
23
23
29
9
9
9
40
43
43
43
43
43
43
43
30
48
17
17
18
26
26
12
3
3
22
22
7
31
31
31
27
1
1
1
8
8
8
8
14
23
40
32
26
26
21
34
34
39
3
48
48
7
50
38
47
47
47
31
31
31
12
38
46
15
15
15
19
22
22
22
30
7
7
19
19
24
24
24
39
39
41
41
28
21
4
17
17
50
50
50
40
44
44
26
40
40
40
40
27
27
8
3
3
3
4
20
20
46
46
29
1
32
32
32
32
32
32
32
32
32
19
19
24
26
48
48
48
48
49
