31
14
14
14
14
14
14
14
14
14
18
8
8
8
16
16
16
50
50
14
1
20
30
30
30
30
44
28
28
28
28
2
2
49
49
27
27
15
31
31
39
39
39
39
35
35
35
35
29
29
29
37
37
29
29
29
23
23
23
23
23
38
31
31
15
15
15
15
15
28
45
20
20
20
25
34
34
26
26
38
46
46
39
15
15
15
15
33
33
19
19
19
39
39
39
39
39
39
39
39
39
39
39
39
39
5
37
23
28
28
30
18
18
18
18
47
17
17
3
3
7
7
7
7
37
37
11
11
11
19
37
19
19
16
16
16
47
47
47
47
47
47
20
20
2
33
33
33
33
33
40
40
27
44
44
44
18
18
18
22
22
30
30
30
19
6
24
34
34
19
19
19
19
19
48
48
15
26
26
9
9
26
26
26
26
26
26
35
35
46
46
21
21
24
24
24
34
37
37
37
37
39
