20
20
18
13
13
13
13
15
15
5
5
16
16
16
16
40
40
30
7
35
5
5
5
29
15
28
47
47
22
22
30
30
43
43
43
43
3
41
41
41
24
24
24
27
27
27
27
27
10
34
34
34
34
34
34
39
28
44
8
8
8
8
44
44
44
36
15
31
31
31
35
35
46
46
11
11
12
12
25
9
21
38
18
18
26
26
26
26
26
26
26
42
13
13
13
13
13
12
49
49
14
6
50
34
11
11
11
48
46
22
29
29
24
48
41
41
43
22
37
37
27
12
39
39
37
37
37
37
37
37
7
7
7
7
28
28
32
32
42
42
33
2
2
2
2
32
32
32
44
30
30
30
1
23
9
9
6
29
40
48
48
35
35
35
35
23
23
31
31
12
12
12
12
12
12
24
18
35
35
34
12
13
24
8
8
9
9
43
43
33
13
41
41
41
13
18
50
50
2
2
2
2
