42
10
10
10
20
20
3
23
23
50
50
50
18
18
18
19
4
4
4
4
4
4
8
7
7
29
29
18
48
21
10
33
15
29
29
29
29
15
8
12
12
17
17
17
2
2
34
6
12
37
37
27
35
44
6
6
7
7
7
7
7
7
45
15
8
8
8
8
13
3
3
3
3
33
34
34
46
46
46
46
46
46
47
4
1
1
22
22
20
15
15
46
46
35
35
9
9
9
34
34
33
33
33
18
41
23
19
28
39
21
21
21
21
40
42
42
8
8
18
18
18
18
8
8
8
21
21
34
35
35
35
35
20
1
1
1
1
1
1
9
30
27
42
48
48
31
16
15
18
18
18
18
18
18
18
42
42
28
28
34
47
47
47
47
28
28
14
30
34
34
22
22
22
9
9
9
33
33
23
29
29
15
15
15
1
1
21
21
21
11
11
11
39
39
40
6
32
20
20
20
29
11
