28
25
13
16
13
13
13
47
22
14
14
33
49
49
32
32
32
32
32
5
5
5
5
5
24
24
24
47
47
47
35
35
49
49
49
49
49
42
5
5
5
10
5
5
5
5
8
8
8
8
8
8
8
8
4
32
18
18
18
18
18
23
23
23
44
2
28
28
27
27
50
50
9
32
48
48
6
38
44
50
6
6
6
36
36
29
29
29
20
7
7
7
7
7
13
13
23
48
48
48
48
48
44
44
40
26
20
36
29
14
14
39
39
1
42
1
8
29
29
29
29
12
12
12
1
1
1
1
45
7
7
7
7
1
1
1
1
1
1
32
32
32
32
32
15
15
15
29
14
14
14
16
16
16
16
36
49
49
49
8
39
39
36
36
36
36
36
36
47
47
31
31
38
38
47
4
4
27
27
27
28
28
31
31
31
26
32
32
32
32
32
32
2
2
2
2
2
41
41
4
43
43
