43
43
43
7
49
10
38
38
38
9
50
50
20
20
7
47
47
47
47
47
47
47
22
19
19
29
29
14
20
2
46
46
41
17
38
26
43
43
43
39
39
39
32
10
1
1
8
8
15
40
7
7
7
7
20
20
20
10
10
10
40
40
19
19
19
6
11
11
24
16
46
12
12
12
12
12
28
13
29
29
29
29
38
38
12
32
32
32
50
33
33
33
33
45
45
21
1
25
38
12
12
14
14
14
21
21
13
47
47
31
22
47
4
22
23
49
49
49
1
33
9
44
1
26
18
22
31
31
31
31
31
49
49
43
43
43
44
44
24
50
50
21
43
43
43
43
43
23
15
15
50
50
21
29
19
12
12
12
12
25
25
25
25
25
25
25
28
28
28
4
14
29
27
27
26
19
19
25
25
25
2
19
37
14
23
23
23
44
37
33
33
33
33
15
36
26
41
41
2
5
5
15
