45
44
44
12
12
4
4
4
4
34
34
5
20
3
3
27
27
27
27
39
39
39
12
12
17
17
17
47
35
35
31
31
31
31
26
48
48
48
17
43
43
43
43
22
38
38
23
23
19
19
35
35
42
42
42
26
26
5
5
7
7
7
7
16
16
38
23
23
39
31
18
39
9
9
9
9
9
16
36
36
36
1
1
45
44
3
19
3
3
3
50
6
1
42
15
15
15
15
44
49
12
21
13
13
45
45
45
45
15
28
28
28
21
28
32
32
32
46
46
10
2
2
2
10
10
47
47
47
29
23
23
23
23
34
34
7
21
34
6
44
44
44
44
44
44
18
48
10
26
31
25
7
7
10
35
35
35
35
35
47
47
43
27
41
10
15
15
38
38
38
26
28
28
42
42
42
29
25
41
41
4
4
4
43
1
18
35
35
30
3
3
3
3
7
14
14
23
23
15
15
26
26
