18
21
41
41
41
13
30
35
35
35
45
22
22
22
22
22
22
22
22
22
5
50
40
26
26
42
17
21
21
21
21
21
46
35
18
12
12
4
4
4
4
11
20
3
3
34
34
34
16
16
19
50
47
47
18
18
18
8
34
31
31
31
43
30
10
10
10
10
36
36
36
36
36
34
26
26
34
34
46
31
31
31
31
31
17
17
48
48
48
15
39
34
34
39
39
40
43
26
16
5
5
5
11
31
31
30
30
30
37
37
37
37
37
17
17
17
20
20
20
13
13
28
28
36
26
26
26
26
26
5
5
16
16
16
23
23
23
23
23
31
1
1
31
21
49
49
49
49
49
40
40
36
36
41
41
27
47
49
48
48
4
4
4
4
14
17
15
15
41
45
20
44
42
42
30
30
3
3
27
12
30
29
29
29
37
37
49
26
39
39
35
18
17
17
2
13
10
42
19
23
38
38
