39
24
1
46
39
33
36
36
36
36
36
32
32
7
41
4
14
14
38
38
38
38
38
11
11
11
2
34
34
12
12
50
50
50
4
21
50
50
50
50
42
13
34
24
24
16
31
9
9
9
42
42
42
42
7
7
18
20
20
18
21
13
13
13
22
22
36
36
17
46
46
46
25
27
1
22
30
37
27
27
38
43
18
18
21
21
21
28
7
7
7
7
7
46
24
32
32
32
32
13
45
45
45
45
45
45
48
14
24
4
38
32
10
10
3
45
45
50
21
21
21
35
35
35
35
35
19
19
41
41
2
2
2
2
2
6
6
32
32
34
34
9
9
9
8
33
45
45
32
29
26
15
12
12
12
39
15
15
15
48
9
9
9
7
26
26
26
26
26
26
36
24
45
40
40
21
11
50
9
7
7
7
7
34
8
8
47
39
41
21
38
38
49
41
41
41
38
34
34
34
5
5
