1
25
10
10
10
14
28
27
27
27
38
38
38
36
36
49
49
12
48
48
31
36
36
7
35
35
35
2
2
12
38
38
9
20
31
29
20
20
20
31
50
50
50
30
9
17
36
25
5
5
5
33
33
5
5
5
15
4
4
4
5
17
17
7
17
13
16
26
12
48
48
11
43
43
16
25
37
37
37
4
39
39
39
10
10
42
17
4
2
2
2
2
2
2
2
38
38
27
27
27
27
2
2
14
14
48
48
48
48
21
21
36
21
21
21
21
44
3
3
9
17
24
45
45
45
45
45
45
45
37
30
17
27
27
39
29
29
29
7
7
7
7
7
37
40
9
48
48
38
44
44
44
44
44
25
28
27
34
34
34
17
17
17
17
17
17
17
3
3
18
3
3
3
3
3
3
13
26
1
31
31
31
31
31
34
34
48
5
5
5
5
5
44
20
20
20
11
11
4
4
8
38
