4
4
4
4
25
25
30
30
34
34
34
34
34
15
31
31
31
31
5
28
37
30
25
25
25
25
25
27
27
27
44
37
37
37
38
22
1
1
1
7
3
3
49
49
49
49
49
49
49
49
30
8
8
8
40
40
39
39
39
39
3
9
9
34
34
34
45
46
46
24
47
24
24
3
7
7
7
21
45
10
43
50
18
47
47
45
18
43
18
18
24
13
13
13
13
47
26
26
26
7
7
46
11
11
11
11
41
24
24
30
15
49
49
49
49
49
49
27
33
20
20
20
20
20
16
16
16
16
16
16
39
39
45
45
45
45
45
45
45
11
11
11
11
41
3
20
20
47
47
47
47
47
47
47
47
47
2
5
5
7
37
42
42
42
18
24
28
28
28
6
6
6
6
6
6
6
8
24
21
21
21
21
21
21
2
32
32
14
14
14
14
14
20
7
5
36
31
31
20
6
6
6
