19
19
34
34
19
19
19
19
19
40
32
32
32
32
32
32
25
40
9
12
12
12
12
12
11
35
35
31
4
4
16
28
28
28
27
27
27
41
12
21
21
21
36
22
22
22
30
30
32
32
28
28
28
21
21
47
47
25
46
43
43
43
43
18
18
47
47
47
20
20
20
14
44
44
44
38
32
24
43
43
47
47
47
48
48
48
48
48
15
15
47
47
13
5
9
1
1
6
10
10
10
10
10
26
26
26
26
26
40
40
3
1
17
12
12
12
8
8
8
44
44
23
28
50
50
50
50
50
23
23
23
23
23
23
23
23
32
11
42
24
24
32
40
24
24
49
49
49
49
49
49
49
36
21
18
5
5
36
38
11
11
12
48
48
34
7
1
38
38
38
38
38
38
26
16
48
48
34
34
2
2
2
32
45
16
16
16
16
46
42
42
42
42
31
15
14
14
15
3
18
35
48
