43
43
19
19
6
6
6
6
6
13
13
15
15
15
31
31
31
6
6
6
6
6
15
18
21
21
21
30
30
5
20
9
9
38
43
43
43
20
1
1
1
1
6
6
6
3
16
49
27
29
38
38
38
43
43
43
43
9
30
32
40
21
24
24
24
24
11
11
11
11
11
11
11
11
11
38
38
16
16
16
16
16
36
36
36
36
22
45
22
22
33
33
33
33
33
34
41
26
50
50
50
50
38
38
45
45
31
31
31
31
31
31
31
2
42
42
9
3
10
10
10
47
47
47
9
9
9
43
43
43
45
9
2
34
34
34
34
34
34
34
10
7
7
41
24
50
50
50
50
44
18
7
4
4
8
8
41
27
27
26
13
13
13
49
49
35
12
12
40
43
43
43
43
43
43
43
43
43
43
33
40
3
48
48
21
21
21
21
21
21
20
8
8
6
6
2
38
9
9
21
45
45
