8
8
46
38
25
3
31
31
31
6
6
34
26
26
6
36
36
36
30
30
30
30
30
29
29
12
12
9
15
44
2
32
25
25
6
6
6
27
27
10
10
4
4
4
4
3
3
3
10
10
41
41
41
31
31
31
31
31
13
20
20
20
20
48
1
26
9
32
20
20
20
20
38
38
38
47
47
16
8
8
8
42
38
38
38
38
13
13
9
37
37
37
33
33
33
46
46
46
46
46
46
32
37
42
29
13
13
24
13
13
13
13
13
13
13
13
32
32
32
32
46
38
33
24
44
44
44
14
14
2
2
2
2
41
41
11
11
25
25
25
9
9
49
49
14
8
36
36
36
30
42
42
42
8
8
8
17
45
45
45
31
31
31
16
6
32
25
43
43
30
30
30
31
31
25
25
44
44
31
29
15
15
15
44
44
35
35
35
35
35
35
35
35
35
35
2
21
21
21
21
21
6
