25
23
23
23
23
2
28
28
32
32
50
47
44
41
41
39
9
18
21
21
21
21
7
38
38
45
33
33
33
45
9
9
34
34
35
35
35
14
14
18
18
18
40
40
42
7
23
23
23
9
5
41
41
41
41
41
41
41
33
32
32
48
48
48
48
19
19
50
50
50
50
50
50
50
12
33
33
14
14
7
7
39
39
39
39
49
49
16
17
28
17
49
38
24
24
24
1
16
37
23
2
2
18
29
29
44
5
15
22
22
22
22
22
22
22
22
22
22
22
27
27
27
27
27
50
3
46
46
21
21
31
31
34
34
34
24
25
25
9
19
19
19
19
50
24
24
19
19
6
6
16
34
50
34
34
34
38
38
38
38
1
15
21
8
8
8
40
5
5
5
21
21
44
32
32
12
12
12
32
16
19
36
36
36
36
36
15
15
49
13
13
13
13
50
4
4
23
14
42
42
42
42
