39
39
39
31
31
31
18
23
22
29
43
22
22
37
37
27
27
27
27
1
38
25
25
19
19
19
12
12
2
2
5
5
42
42
42
42
42
39
39
39
39
39
39
27
27
27
10
10
31
9
48
34
34
34
34
34
34
20
16
16
16
10
10
14
34
34
11
11
11
18
18
18
48
48
7
7
7
20
20
31
37
6
6
16
16
4
10
48
9
18
18
41
41
41
41
4
4
22
40
40
44
50
50
50
33
20
20
20
33
33
33
15
5
4
4
4
4
4
47
47
8
8
39
10
10
47
34
34
34
4
4
4
6
35
8
47
47
47
21
6
6
6
35
9
9
42
7
7
34
49
28
29
47
47
28
28
27
27
28
28
38
38
38
38
36
36
9
5
21
24
49
49
49
49
16
16
16
4
4
34
34
6
6
6
48
48
7
7
7
7
39
36
36
4
4
33
19
19
50
24
24
49
