30
33
8
8
32
32
38
33
33
7
7
25
50
50
19
19
19
19
15
31
31
4
4
29
29
7
22
21
14
14
14
9
16
16
16
16
24
6
6
6
6
14
14
14
14
41
49
49
27
35
31
16
20
24
24
34
17
25
25
25
25
1
34
34
9
32
32
38
38
38
38
32
11
36
36
49
35
35
35
35
35
2
2
47
47
47
47
47
4
4
4
4
17
17
12
12
1
32
32
32
5
5
5
5
5
5
22
22
42
32
50
12
38
38
38
38
15
15
15
39
39
20
20
20
7
40
6
2
44
44
44
26
26
26
26
41
41
29
29
29
29
29
43
1
1
19
19
44
12
12
12
12
17
17
16
20
20
34
34
34
27
3
25
25
25
18
36
36
36
46
20
20
41
41
16
16
16
11
25
25
48
16
50
50
50
50
26
6
6
24
24
45
45
45
45
48
9
9
9
9
27
27
