23
43
14
14
14
14
18
33
15
15
20
2
26
20
13
13
24
11
11
11
45
18
18
14
14
14
39
10
39
39
15
46
22
22
24
20
21
21
40
40
18
20
20
20
37
31
40
42
42
42
24
34
34
34
34
25
46
46
17
15
28
12
20
20
21
35
2
26
20
19
19
19
19
19
39
21
21
21
21
4
20
20
20
16
19
28
28
28
14
14
14
14
14
46
46
36
36
26
44
44
44
44
15
38
38
38
21
21
20
26
26
45
45
45
45
38
38
38
34
34
34
46
20
37
39
39
14
14
36
36
25
13
13
13
37
37
30
30
22
22
1
1
15
15
15
27
3
3
25
31
13
7
7
7
33
33
1
48
32
32
32
42
42
42
42
42
42
42
42
42
47
47
10
42
33
1
1
1
1
33
33
33
48
1
44
12
45
13
13
13
13
13
41
40
47
47
47
47
47
3
3
3
