49
10
43
45
37
47
31
31
46
33
8
8
44
29
29
50
40
40
40
40
26
26
26
40
14
14
8
23
42
12
12
36
36
31
31
31
39
46
44
10
36
2
32
32
48
31
31
28
28
50
37
11
48
19
19
24
24
24
6
16
16
16
16
16
16
16
16
16
12
19
19
19
19
28
28
31
13
13
19
19
23
40
29
48
3
3
24
24
24
24
40
18
45
28
28
15
15
37
22
48
48
48
20
50
43
49
49
7
7
7
7
7
12
41
40
40
30
30
14
14
14
19
19
19
19
19
25
36
42
42
21
21
21
21
21
21
21
32
6
6
6
6
6
31
27
2
16
16
33
33
33
33
33
11
47
47
47
38
42
37
37
37
37
17
17
20
20
20
23
17
43
46
46
46
24
15
15
15
43
2
45
2
2
2
25
18
2
21
29
1
1
1
48
48
48
48
40
1
26
26
26
26
