22
23
2
26
26
26
27
25
25
25
22
22
22
41
41
41
19
19
19
19
38
38
38
49
49
15
2
3
39
33
31
1
32
45
45
45
46
12
12
12
12
12
4
1
1
1
1
1
46
46
3
3
3
3
3
39
15
15
12
11
43
43
36
35
23
23
39
31
6
6
6
6
16
2
2
44
44
17
17
30
30
33
30
44
44
44
44
37
47
47
47
49
7
43
20
12
42
42
39
39
18
7
20
20
5
5
5
13
33
33
33
33
33
48
48
48
24
24
24
9
9
16
16
30
30
10
31
31
31
19
8
8
8
27
44
48
5
40
40
40
40
40
11
29
33
33
33
41
41
41
39
42
42
42
42
42
42
42
42
42
6
23
23
23
23
23
23
49
49
2
9
42
42
41
41
8
20
20
20
20
47
1
1
32
49
49
5
43
48
17
17
17
17
17
17
17
17
17
17
28
28
28
