31
11
11
7
7
7
15
15
15
37
10
10
26
26
26
6
6
32
32
9
9
9
9
9
9
9
9
9
43
43
43
39
12
26
16
16
16
35
6
48
34
50
44
15
39
15
15
15
28
13
13
13
13
13
50
50
50
44
44
44
49
49
27
27
27
27
9
27
12
36
44
44
44
36
36
26
48
32
32
18
46
33
42
42
8
28
28
28
36
3
3
3
17
38
38
33
8
36
43
17
17
17
17
17
17
24
2
2
2
2
20
15
15
10
10
32
9
42
10
18
2
2
24
24
24
24
40
40
40
40
6
19
19
36
36
36
36
13
10
47
12
12
12
12
44
44
44
44
15
42
41
6
6
39
44
13
13
29
29
29
29
6
38
11
15
27
27
27
27
27
27
10
10
10
10
44
34
34
26
26
5
29
29
49
49
36
36
39
39
39
24
4
19
19
13
13
13
13
15
41
41
22
