23
23
23
23
43
24
15
15
15
13
13
34
27
27
43
43
27
28
28
30
30
8
22
45
8
7
7
7
7
7
17
17
17
20
20
20
20
31
29
29
7
7
7
38
38
38
38
27
27
27
27
27
27
27
47
5
5
26
32
32
33
33
47
47
34
34
50
50
50
21
21
21
31
40
45
28
8
17
33
33
48
48
10
10
34
34
3
5
5
5
5
5
5
5
30
47
47
31
35
11
21
23
23
4
38
28
28
28
30
46
50
18
18
18
18
18
18
30
7
7
20
20
20
20
20
20
20
30
6
6
6
6
6
6
6
6
16
16
5
34
34
3
3
3
3
3
24
39
39
39
21
21
21
10
10
10
10
4
4
9
9
39
39
46
14
24
24
24
25
25
25
21
12
12
12
12
7
7
40
40
40
40
40
40
42
42
42
42
42
17
36
48
28
47
47
45
3
3
34
19
16
24
