6
14
17
17
44
50
50
50
19
19
49
23
42
16
16
16
16
31
44
22
8
8
8
8
26
45
45
22
22
30
30
30
11
11
11
11
17
17
17
17
17
23
23
29
29
13
48
14
14
48
48
47
50
50
50
18
47
47
47
47
26
26
50
29
29
29
29
33
33
33
21
41
27
12
22
36
3
3
30
30
30
30
30
30
30
30
15
15
15
15
17
17
42
42
7
7
7
7
33
18
18
41
41
40
40
35
6
6
7
16
16
27
35
35
37
50
50
18
18
8
46
5
38
38
50
50
50
50
31
47
17
14
14
47
47
35
35
1
48
16
40
14
14
20
20
26
26
26
18
37
9
9
46
46
47
47
47
47
47
47
47
47
20
48
9
9
9
9
9
4
43
34
15
48
48
48
48
48
48
28
22
38
15
40
33
33
33
40
40
20
20
20
42
30
30
30
36
48
31
31
31
11
