25
25
11
11
27
27
27
27
39
39
39
3
39
20
20
35
25
25
25
34
34
16
34
34
34
44
44
44
2
41
6
6
6
39
39
39
39
39
39
24
34
29
29
29
29
40
38
38
38
38
47
47
47
10
48
36
49
49
38
49
47
47
42
3
26
3
3
23
23
2
48
8
8
8
40
40
9
9
9
43
43
43
43
43
50
33
33
5
5
46
46
46
5
33
41
49
49
29
13
13
13
13
13
3
3
3
3
3
23
23
23
23
23
23
42
46
46
50
50
50
40
40
40
23
23
23
23
41
8
8
8
8
8
16
26
19
19
28
28
22
17
17
17
17
17
28
28
28
32
32
8
8
23
23
6
9
9
17
23
23
23
23
15
15
39
30
38
38
38
38
38
38
38
30
33
37
37
37
32
42
27
27
27
27
27
27
6
22
22
22
8
8
8
8
8
12
43
43
43
49
49
49
