35
35
6
6
6
2
2
2
2
28
4
4
4
4
4
4
4
29
29
38
38
38
46
6
9
9
48
18
18
33
4
35
18
32
32
32
32
32
32
32
43
12
12
12
12
33
43
36
36
35
13
17
17
17
7
8
26
46
43
43
25
25
25
10
21
21
21
17
24
4
44
23
23
16
16
43
43
40
38
18
38
37
37
37
37
37
7
7
14
14
14
14
14
14
25
9
20
4
4
33
33
33
10
10
4
4
46
46
46
7
29
39
38
31
31
31
31
25
25
25
25
25
25
25
19
19
19
19
39
39
43
43
43
43
43
43
43
3
3
3
3
14
41
41
41
41
6
50
36
36
20
35
25
5
5
5
5
6
28
28
35
50
50
7
7
49
49
29
4
26
40
40
15
40
32
20
20
42
32
32
32
32
32
32
32
43
43
47
28
28
8
25
12
12
14
14
14
49
49
32
32
30
