48
48
32
32
22
25
25
25
25
19
3
43
5
42
50
50
50
16
33
35
25
25
6
8
8
8
12
12
25
25
25
25
25
36
40
4
37
30
7
44
44
41
2
2
2
49
39
39
32
32
32
32
41
13
18
18
19
19
19
19
19
26
26
46
34
34
43
43
43
29
29
29
34
8
6
6
6
6
7
46
46
32
7
33
33
18
18
50
50
28
26
26
26
26
26
26
26
10
10
11
11
20
37
37
44
1
1
6
47
47
47
47
47
47
47
47
47
13
13
18
18
18
18
18
18
18
8
8
30
18
38
38
38
38
11
11
11
11
15
19
42
42
34
24
24
40
40
40
40
1
44
44
44
42
29
29
15
15
16
33
33
33
33
33
33
33
33
46
47
47
15
25
9
14
14
14
14
17
3
30
30
30
30
30
30
30
30
30
48
24
6
6
19
24
46
12
42
42
21
21
16
25
