11
11
11
11
48
48
6
22
36
50
6
6
6
17
17
17
11
11
11
37
14
43
43
43
21
35
35
2
49
25
15
23
38
38
38
22
22
22
40
6
6
6
42
43
43
39
33
8
8
25
25
10
10
10
10
10
47
12
12
12
12
48
48
48
48
33
2
2
9
9
9
9
9
9
9
46
7
7
7
7
7
7
34
48
48
48
36
11
11
9
14
3
9
9
40
30
4
7
7
7
44
37
37
37
37
37
12
14
38
41
7
7
7
36
36
36
36
36
13
13
13
5
5
5
5
5
5
16
16
16
38
38
38
38
44
49
45
45
45
36
48
39
23
39
9
9
43
43
43
43
43
43
43
43
42
18
16
41
41
41
41
5
21
21
21
21
47
47
47
29
35
42
2
2
2
34
34
15
15
15
15
2
5
5
5
45
45
11
31
31
2
4
4
35
35
35
35
35
35
20
40
40
