16
16
7
7
7
7
21
9
9
9
9
9
33
33
33
38
38
38
38
38
30
47
10
10
10
10
10
8
8
8
1
1
1
1
2
2
2
2
2
2
2
29
31
31
31
42
42
42
10
10
10
29
29
29
2
2
41
41
18
35
45
45
45
45
45
45
48
41
8
8
37
13
32
32
23
23
11
23
23
33
33
33
33
33
33
17
17
27
20
40
45
45
40
40
40
40
45
30
30
30
19
18
33
32
47
47
47
41
41
41
41
41
41
41
41
12
12
12
12
12
1
1
45
45
50
50
46
15
15
15
29
47
36
35
33
33
33
3
8
8
34
40
40
31
44
36
36
36
6
6
6
6
6
6
34
4
4
4
12
4
28
28
17
17
17
7
7
7
37
37
4
40
36
36
36
8
30
49
19
19
19
49
49
49
49
46
47
26
12
34
34
34
34
34
34
34
34
34
34
34
39
39
