13
13
13
40
40
40
40
31
31
18
23
14
14
15
39
37
45
11
11
2
44
44
23
17
17
17
19
19
19
19
19
19
25
22
46
46
46
46
11
36
36
36
36
7
7
11
47
1
1
30
8
42
30
30
45
45
47
45
12
12
12
6
18
18
18
18
18
18
12
12
17
17
1
1
1
14
14
42
42
42
42
42
42
5
12
12
12
12
2
2
24
24
24
24
4
4
27
48
48
48
25
38
47
47
2
35
35
35
35
8
8
8
8
8
8
19
19
19
37
37
32
28
28
5
1
1
1
1
1
1
1
1
41
41
31
31
6
6
41
8
19
49
29
33
33
17
15
15
15
15
29
29
2
2
30
29
29
27
27
27
9
3
36
36
36
36
34
34
50
50
50
31
31
3
7
5
5
5
37
2
2
37
24
18
18
18
16
46
46
47
23
23
27
41
41
1
22
49
19
19
4
4
