1
39
39
41
41
41
1
14
14
14
17
17
17
17
20
2
2
46
46
46
16
16
16
16
16
16
8
30
43
47
36
36
36
36
50
10
10
10
10
32
32
32
11
11
11
11
19
34
27
27
27
5
5
5
39
34
26
32
1
36
6
6
6
42
42
28
44
44
43
7
7
50
50
22
22
20
49
31
31
4
4
4
14
14
14
14
14
50
25
21
37
17
33
37
43
43
43
4
48
47
47
8
8
8
8
41
19
35
35
45
16
16
21
21
21
17
2
48
24
24
24
3
28
32
32
32
32
32
33
3
25
34
9
9
9
9
19
15
41
45
38
38
21
21
21
21
21
21
21
27
7
11
11
11
33
33
33
2
2
2
2
2
10
2
20
20
20
44
2
2
13
13
21
50
31
31
10
10
20
7
15
35
35
26
26
15
19
11
11
11
20
23
23
44
44
49
49
49
49
49
33
2
