31
29
46
46
46
9
9
47
1
1
1
19
43
43
49
35
35
35
35
35
35
22
9
9
8
8
8
8
8
8
23
23
23
23
23
23
23
11
11
11
50
50
50
13
13
13
9
25
25
25
28
28
12
12
12
12
9
10
47
47
5
5
5
16
46
46
46
46
21
21
32
4
4
8
43
35
29
8
4
4
4
2
7
47
19
19
19
19
19
49
49
49
50
5
5
8
14
18
18
18
18
2
47
47
49
49
45
4
33
41
34
34
34
34
4
20
26
26
26
33
8
8
41
50
30
30
30
9
9
9
24
16
16
44
33
33
33
33
33
33
2
2
44
42
43
48
3
3
24
31
32
32
32
32
32
13
20
35
1
1
1
1
1
33
34
24
37
16
47
11
35
35
35
4
18
46
44
21
21
21
21
1
1
50
43
43
15
24
6
6
12
12
36
36
19
44
44
44
44
48
10
42
