5
30
45
11
10
15
15
37
23
23
23
47
47
42
37
17
17
17
10
10
43
43
23
7
21
40
40
40
40
44
44
19
15
17
39
47
47
47
13
13
2
2
2
2
2
2
2
2
2
2
8
16
49
2
2
17
18
18
48
1
9
35
35
35
35
43
43
9
9
47
9
33
33
4
49
49
49
49
25
25
25
25
25
25
10
50
50
50
31
31
29
13
13
38
38
27
49
49
21
7
7
7
7
7
27
9
9
9
36
36
35
26
47
50
12
44
44
44
36
4
49
45
44
29
24
40
2
21
21
21
21
12
29
29
29
29
33
33
10
10
10
10
10
10
10
10
10
15
15
10
10
10
10
10
27
20
48
36
36
36
3
50
50
50
9
9
48
48
36
19
36
36
36
36
36
25
9
49
13
13
13
13
13
13
13
13
13
24
24
24
49
2
20
3
3
23
18
18
3
3
33
17
