12
12
1
19
19
19
35
26
26
26
1
34
13
34
32
32
33
4
23
23
24
24
24
42
32
32
15
24
24
16
16
16
23
23
23
23
23
23
23
23
47
2
18
26
49
45
37
37
29
29
29
29
29
29
29
19
46
46
50
13
1
1
1
1
35
30
30
46
13
13
40
49
25
46
13
28
28
36
10
32
32
7
7
30
10
10
14
14
14
17
23
23
23
30
18
18
18
18
18
18
18
5
28
28
23
23
23
36
36
28
28
28
25
25
50
41
41
41
43
43
31
40
48
46
21
21
21
44
44
40
3
33
33
32
32
32
24
24
24
24
8
47
32
32
32
31
28
49
49
49
49
2
2
34
12
39
39
39
49
3
3
3
22
40
18
48
48
48
48
48
28
28
28
28
28
34
34
33
33
35
41
41
13
40
40
40
40
36
36
45
45
15
15
23
14
36
20
20
20
20
32
29
