44
44
43
43
43
31
46
46
36
36
37
3
3
2
30
13
13
11
11
11
9
3
31
5
5
44
44
4
4
4
4
4
4
31
31
31
45
10
7
7
7
7
9
34
11
8
28
19
43
43
29
7
7
45
45
45
45
48
48
48
48
22
22
1
47
27
27
27
46
29
4
18
18
21
14
14
14
44
22
45
2
2
34
34
38
38
38
38
1
1
13
13
13
13
13
35
35
17
36
36
36
36
36
39
17
40
40
19
19
17
17
17
17
17
38
37
6
11
25
25
28
15
3
3
27
45
36
32
34
41
41
41
41
36
36
36
5
5
17
17
47
47
47
35
35
10
34
34
34
16
16
16
16
16
1
3
3
3
3
3
17
20
45
36
34
34
42
42
42
42
42
46
9
9
23
23
36
36
25
25
23
23
23
23
35
35
33
33
47
47
47
27
21
38
23
23
23
23
48
48
48
48
