2
2
2
2
44
38
33
33
15
15
24
47
47
47
47
47
47
22
21
21
21
21
16
16
3
29
29
44
37
37
32
32
32
32
36
25
25
6
24
24
24
24
42
42
36
5
5
5
5
36
47
16
16
16
20
20
20
17
17
28
2
2
2
36
36
36
36
10
10
10
50
20
20
36
27
50
50
43
5
12
12
12
17
32
15
15
15
15
15
15
15
22
22
13
13
13
13
13
13
41
41
41
34
15
23
18
18
13
13
13
13
11
6
48
13
13
35
5
5
38
35
29
29
29
45
20
20
20
20
11
40
40
40
22
22
11
50
41
11
11
11
3
41
41
41
41
41
15
39
30
30
12
12
12
12
36
36
36
36
24
24
19
11
11
11
11
11
46
46
21
46
35
35
22
37
37
10
49
45
29
27
16
16
16
16
16
21
21
36
36
16
16
16
16
16
30
30
4
4
4
4
4
