19
9
23
39
39
39
39
39
41
38
24
24
24
23
23
4
4
4
4
4
26
26
50
7
2
11
11
43
26
32
47
16
20
32
32
7
43
14
14
33
40
40
49
49
49
4
4
4
13
13
13
16
34
34
6
6
6
23
23
23
23
35
25
25
25
25
3
3
14
14
14
29
29
29
29
43
43
43
43
23
4
4
4
4
32
11
4
20
40
20
42
14
14
25
25
48
48
18
18
16
16
16
16
20
27
2
33
33
3
3
3
3
16
41
41
41
41
41
41
41
41
27
16
34
34
24
24
24
7
3
23
23
23
23
37
37
7
7
36
46
46
46
46
46
33
33
33
33
44
11
43
21
21
21
21
21
25
25
25
16
20
17
24
26
9
24
24
26
26
26
26
26
41
9
9
2
2
2
32
32
47
20
33
33
33
10
10
27
27
3
34
2
44
14
14
14
18
15
15
35
35
35
