26
13
13
13
47
47
29
29
29
29
29
30
30
30
30
30
30
2
2
2
34
12
41
8
1
32
47
47
47
32
32
43
43
47
46
46
46
46
46
47
47
22
22
22
22
3
30
30
30
30
22
42
38
49
49
49
49
49
43
43
40
40
30
6
6
6
2
2
40
40
5
5
5
5
5
5
5
5
5
8
48
48
38
38
15
21
40
40
30
30
13
13
13
13
17
17
17
3
3
3
3
50
13
13
13
13
13
13
13
13
37
22
24
26
26
26
26
29
50
50
50
50
11
11
33
33
33
8
40
7
7
7
44
9
9
31
20
12
33
33
41
50
50
38
47
8
29
1
48
9
9
24
2
2
2
2
14
24
24
24
24
32
32
36
36
36
36
36
30
30
32
17
17
35
28
21
45
42
11
48
9
9
18
39
34
10
10
6
6
24
24
3
3
3
12
12
38
14
44
25
44
44
