45
45
45
39
30
30
30
40
40
28
1
36
5
5
31
42
44
43
24
12
12
21
21
21
34
34
8
8
8
22
22
22
22
22
22
1
30
30
30
30
13
13
13
39
39
47
47
5
5
30
2
21
21
21
21
2
33
33
48
48
28
11
12
12
25
25
50
23
23
23
23
23
23
33
33
33
40
38
12
12
12
45
36
22
10
10
21
21
21
21
21
34
34
34
18
18
18
32
39
2
46
45
34
40
40
37
37
37
37
37
37
37
37
37
37
37
32
32
32
32
17
40
37
15
48
48
26
26
26
26
26
26
16
16
16
7
8
13
23
43
43
18
48
5
27
17
40
40
20
44
44
44
44
44
45
45
36
36
36
5
18
18
48
48
5
43
12
12
25
25
25
25
27
27
27
10
10
44
37
37
37
37
37
7
7
6
6
44
44
33
33
5
28
28
7
7
33
6
25
26
26
26
