44
1
1
1
1
40
40
40
40
40
40
5
12
47
11
11
24
24
24
3
3
38
38
38
38
38
38
38
38
38
5
5
5
5
47
10
31
17
17
37
37
8
20
16
48
48
11
45
3
3
3
41
41
41
39
28
33
32
22
22
22
22
22
22
22
22
22
16
16
8
8
45
45
12
11
11
48
48
20
20
20
39
39
34
34
34
1
1
46
15
45
45
46
46
8
8
38
38
16
35
35
15
15
46
46
31
42
11
11
11
40
8
3
3
3
3
8
8
8
40
9
9
9
9
9
5
5
5
4
27
27
5
5
5
12
12
12
12
41
5
44
44
4
48
20
20
20
20
20
50
50
50
50
50
23
23
39
47
14
41
25
10
10
10
10
10
10
10
10
32
8
8
36
33
33
2
2
2
26
3
3
5
41
13
10
10
10
10
10
10
18
30
30
22
22
22
22
21
21
21
29
15
