21
25
25
25
25
49
6
6
6
22
12
2
35
45
26
8
9
17
5
14
14
14
14
22
37
17
39
39
39
29
29
30
30
47
12
10
5
5
5
24
3
3
3
20
20
20
50
50
35
30
30
30
30
30
30
30
30
30
42
42
27
50
33
33
49
37
47
29
29
21
21
21
21
21
21
40
40
40
9
7
7
7
4
28
28
43
24
1
1
11
11
12
12
39
22
22
22
17
17
33
20
23
3
3
3
35
16
48
16
16
8
30
37
37
37
30
30
30
30
13
44
6
8
8
8
45
23
21
21
21
19
19
16
16
16
16
16
16
10
27
27
27
27
27
35
35
9
16
16
4
4
4
4
4
4
24
24
24
49
49
49
49
49
36
36
24
47
4
4
4
4
15
15
35
29
29
29
29
29
29
29
9
49
21
21
24
2
50
50
50
6
6
30
30
30
4
4
46
37
46
46
46
