21
21
13
11
11
44
44
1
1
19
26
26
9
32
15
15
17
17
17
32
30
30
39
39
13
13
13
5
5
8
26
26
26
26
26
41
41
40
26
26
26
13
13
38
38
36
36
29
40
40
42
2
38
38
38
17
17
48
29
24
24
24
48
48
48
35
35
35
38
23
33
33
37
8
8
5
5
10
10
28
13
10
10
50
50
50
50
50
50
50
16
16
23
14
14
14
30
13
5
21
13
13
13
13
13
13
13
25
25
22
4
40
32
40
40
45
2
30
48
48
48
17
28
28
4
4
4
4
4
4
4
4
4
36
18
18
18
18
16
9
9
49
34
34
34
48
48
40
12
12
12
31
31
31
31
27
5
5
36
36
32
39
39
44
32
32
32
32
50
50
50
12
24
10
10
33
33
33
23
28
28
28
28
28
28
42
42
42
41
41
12
11
3
3
49
4
4
4
4
4
4
4
