8
33
31
45
22
18
18
18
18
18
18
18
35
3
13
13
13
11
11
11
25
25
3
3
3
3
3
3
3
3
3
13
39
39
3
7
7
7
7
7
18
18
14
25
25
25
24
24
24
46
44
12
14
50
50
29
29
14
8
26
29
37
43
43
43
17
17
17
9
33
28
21
2
30
14
14
40
18
18
18
19
48
29
29
1
1
19
41
41
41
41
15
15
26
26
41
41
27
27
3
3
3
25
25
6
6
6
6
6
6
6
35
35
35
35
8
8
25
25
25
1
37
28
17
43
5
5
6
40
40
5
5
35
25
25
25
25
25
25
25
25
43
33
28
26
26
26
26
26
26
18
17
10
43
32
20
37
37
37
32
32
32
46
42
30
5
14
14
14
14
26
26
5
2
14
11
11
11
11
18
18
18
18
39
39
39
28
28
22
22
33
25
25
25
25
46
46
46
47
1
12
12
