47
43
43
31
31
50
23
41
29
9
9
47
47
47
23
23
16
38
9
9
4
32
12
12
12
41
41
19
19
11
11
46
23
35
35
35
35
31
10
38
38
38
38
38
38
38
38
7
7
6
6
6
5
4
13
46
7
24
24
37
37
7
31
31
31
15
15
15
15
15
3
12
13
6
41
41
41
41
41
41
38
38
38
34
34
34
35
4
4
4
37
47
9
9
9
10
24
24
28
38
5
5
38
38
38
38
38
48
30
43
48
25
48
19
19
19
14
14
14
14
14
17
17
17
17
17
17
17
17
17
17
45
29
29
29
18
18
7
7
7
7
7
7
7
7
7
32
33
33
33
33
2
2
2
2
2
2
2
11
11
35
27
14
10
38
38
38
9
37
27
19
19
50
50
4
4
1
1
21
17
49
33
33
15
15
35
47
48
39
39
39
39
27
26
26
42
25
25
25
15
15
15
