26
26
26
26
26
26
46
46
46
46
44
44
44
13
40
7
46
32
32
32
32
35
48
48
48
48
35
43
41
41
16
2
50
50
50
16
16
49
13
5
5
5
35
35
45
45
45
14
14
14
14
14
9
9
9
42
12
12
12
12
12
33
26
10
4
4
4
43
43
43
9
29
29
29
29
29
5
5
37
42
42
42
42
10
49
49
28
28
28
28
16
16
48
17
17
17
37
37
44
26
26
26
26
26
5
17
17
17
17
17
15
15
15
2
34
5
31
31
31
5
24
13
16
16
16
41
33
39
39
39
47
47
47
47
47
47
27
27
27
27
27
27
27
33
33
33
5
5
39
39
39
39
39
31
39
43
35
35
35
35
35
49
49
9
9
50
49
49
49
49
49
47
47
47
39
39
39
4
7
7
7
7
7
7
19
35
9
9
28
28
28
17
17
17
17
17
1
48
48
48
48
48
