37
15
36
24
36
31
15
15
15
43
43
43
43
43
43
17
20
20
50
50
50
41
41
41
32
32
3
33
8
14
35
35
1
1
21
21
11
11
28
28
28
28
28
23
48
6
11
11
16
16
20
29
29
42
37
1
19
19
19
19
19
19
19
42
42
14
14
9
19
14
14
30
30
30
47
47
47
40
40
40
42
41
41
34
23
23
23
23
23
11
11
20
20
3
3
50
50
33
33
50
21
37
37
37
37
11
30
30
30
30
38
44
19
19
19
19
19
19
27
27
40
32
10
10
10
11
46
36
36
4
11
31
31
31
7
24
24
28
28
20
20
20
20
29
24
24
24
45
47
47
35
35
35
19
19
19
17
38
38
37
37
37
20
45
45
45
15
31
31
26
26
35
11
11
11
11
38
23
40
6
25
15
50
14
14
36
19
19
8
6
6
18
41
41
41
42
25
25
27
27
6
6
