31
15
15
25
25
29
16
16
19
46
46
36
11
11
11
12
9
47
47
31
31
31
2
2
2
16
16
16
16
16
16
40
7
6
6
6
47
47
34
34
16
16
29
29
29
29
29
29
29
48
21
28
13
29
29
29
29
29
29
35
5
44
36
36
41
41
41
10
10
14
22
30
30
47
47
47
47
47
4
4
42
42
23
29
29
29
26
26
26
30
30
30
30
30
44
39
23
50
1
1
1
1
1
9
18
18
18
18
18
18
13
13
8
8
31
47
20
20
20
20
17
12
31
31
31
31
31
31
7
7
7
16
20
20
47
27
27
20
13
13
12
29
29
40
40
40
9
9
9
9
45
18
18
49
30
41
20
28
28
28
28
28
9
9
44
44
15
15
15
15
15
15
15
15
15
15
15
30
30
30
47
20
20
4
27
27
11
36
36
36
30
49
32
9
16
19
2
2
2
40
40
40
