34
34
34
42
42
42
42
35
30
30
40
41
14
14
14
14
40
38
38
38
38
12
12
34
13
13
13
13
13
13
13
31
26
1
1
28
28
28
38
44
43
36
33
33
30
30
30
30
30
1
1
17
17
11
11
11
11
27
27
47
47
24
24
36
11
11
2
2
2
2
2
2
2
45
46
46
11
11
45
45
45
45
11
28
8
8
8
8
8
8
20
20
20
40
40
37
37
43
19
19
19
43
43
49
31
42
16
16
34
13
39
39
40
36
25
5
34
34
29
27
27
27
28
15
9
39
39
39
30
29
40
41
26
42
42
7
7
7
7
7
46
17
2
48
15
15
47
21
21
21
21
21
15
20
39
4
4
46
46
46
46
46
50
50
47
47
47
47
49
40
40
40
49
49
28
28
28
1
1
1
32
42
33
33
33
33
31
46
33
33
33
41
23
25
13
13
44
44
44
34
34
34
