8
8
8
35
35
48
48
34
34
34
1
1
1
31
47
47
31
31
16
16
23
26
26
25
25
43
43
48
2
2
2
45
4
45
45
35
38
38
25
30
33
34
34
34
24
24
39
39
11
43
43
43
25
3
3
48
20
47
47
47
47
39
46
37
37
37
12
12
25
10
10
3
32
8
8
8
8
8
8
8
8
8
8
8
8
47
47
21
21
21
21
38
8
14
14
14
24
30
30
30
30
30
36
36
36
49
50
25
25
25
6
6
46
46
14
9
8
30
35
35
24
24
24
33
5
5
34
34
34
39
9
1
1
1
1
1
10
46
46
46
46
35
35
30
30
30
4
4
4
5
9
29
29
29
29
29
26
26
26
26
26
41
7
7
7
31
39
45
45
3
3
3
3
45
29
29
29
29
29
43
43
43
43
15
43
43
3
20
20
20
20
20
50
50
29
9
9
9
16
48
48
48
