16
16
16
29
29
29
17
10
42
42
45
45
9
9
32
32
32
15
36
4
4
34
34
8
8
8
44
28
28
25
25
21
21
31
35
23
7
7
26
26
26
4
4
16
7
26
16
16
16
39
39
23
17
17
43
43
43
43
43
43
43
43
43
23
16
16
43
43
42
42
23
7
7
7
7
7
33
48
4
21
4
4
32
32
32
2
10
10
10
14
3
26
26
26
12
44
44
25
35
32
1
43
46
44
4
12
20
17
17
26
3
27
21
17
17
17
17
30
30
30
47
47
47
47
47
47
38
46
16
7
7
7
7
7
43
23
23
23
37
37
14
14
14
14
50
48
17
24
24
11
11
33
33
44
39
20
27
2
2
2
45
10
10
5
3
46
46
46
46
46
43
48
48
5
5
5
42
34
25
25
30
30
30
30
30
30
45
45
21
21
1
1
1
32
32
32
39
39
39
27
45
36
