6
36
36
36
36
26
26
26
10
46
46
46
30
46
46
46
17
17
17
29
29
10
42
42
42
42
42
1
1
1
1
1
1
1
1
1
1
1
1
1
1
44
44
44
44
32
42
48
24
24
6
16
16
16
16
16
24
8
23
50
9
9
13
36
2
15
15
3
26
10
10
24
24
24
24
24
2
2
27
27
27
27
27
27
27
27
27
43
20
13
13
13
27
27
28
28
30
30
29
14
27
27
27
4
4
6
6
39
13
40
1
1
22
31
31
31
31
15
15
15
15
38
38
20
20
11
11
11
11
37
24
17
17
23
23
19
28
38
21
46
41
41
41
46
46
27
5
5
5
24
24
4
47
47
47
47
47
8
8
15
15
30
10
10
22
5
23
14
14
47
7
36
47
47
47
47
48
48
23
23
21
21
44
44
44
46
45
30
30
30
30
30
49
32
43
7
7
7
35
35
35
30
