9
7
7
7
7
22
22
17
17
17
7
42
42
42
42
42
42
4
9
45
35
16
16
33
12
39
39
43
43
43
43
43
43
43
45
45
45
26
26
7
7
7
10
10
10
10
10
31
31
42
42
13
32
32
32
32
32
23
40
40
37
37
37
37
50
3
3
3
24
37
23
23
16
16
16
18
40
50
2
15
15
25
4
42
43
30
30
44
2
22
22
22
22
11
48
48
48
30
23
4
4
4
4
4
23
23
23
23
23
26
4
50
15
15
15
39
39
39
39
39
11
11
11
11
11
42
10
10
10
10
22
22
22
29
28
31
31
31
31
31
13
13
13
15
20
20
11
21
8
8
46
46
32
20
20
33
33
33
23
23
20
20
43
43
43
43
43
46
5
17
7
7
29
29
4
4
43
9
9
41
41
27
27
21
21
21
14
25
25
16
1
3
31
31
31
46
46
14
31
31
19
17
