33
12
12
12
12
12
5
41
41
31
31
31
31
31
31
46
34
40
26
26
26
26
26
18
18
30
25
25
37
37
37
37
7
21
21
21
12
33
33
8
8
8
4
4
4
30
30
12
12
12
34
34
34
16
16
16
44
36
47
47
47
47
16
33
39
39
12
6
36
28
28
28
28
28
50
15
15
15
32
2
8
7
7
6
6
11
35
35
28
28
45
26
26
2
11
11
11
11
11
31
31
31
11
34
38
28
28
28
35
35
38
18
18
46
11
1
1
10
10
19
19
3
3
3
3
6
47
47
46
46
21
35
35
4
1
1
8
28
28
28
28
20
4
4
4
4
18
22
29
29
29
29
29
41
35
35
35
21
21
21
21
21
21
7
24
24
24
24
34
34
34
34
25
25
25
25
17
17
44
44
20
45
45
47
47
46
35
35
35
45
33
27
42
2
2
2
13
13
13
13
13
13
