40
40
18
18
18
18
37
37
47
47
18
21
21
42
42
32
32
32
32
32
15
15
47
39
39
6
6
42
42
24
24
24
32
32
47
47
12
19
19
19
19
19
20
20
20
20
20
20
11
7
7
7
10
39
39
37
32
32
14
14
14
14
14
9
6
40
40
40
40
40
40
40
40
11
11
17
30
30
47
45
50
28
28
28
34
34
34
34
36
36
36
36
36
29
14
24
24
4
4
48
24
4
4
16
16
27
27
27
27
31
31
22
22
3
29
29
40
38
38
39
39
39
27
27
27
27
27
21
20
27
27
27
27
27
7
41
41
41
41
41
41
41
41
43
43
43
43
26
11
18
18
18
18
4
4
19
42
42
26
26
29
29
8
11
11
19
19
39
43
28
28
28
14
14
1
1
48
11
47
47
47
47
47
39
6
6
6
6
6
22
9
9
9
9
25
35
30
24
24
24
24
24
