37
37
6
18
18
2
2
37
37
37
37
32
32
50
17
28
28
28
28
39
34
34
14
49
33
33
21
21
21
21
14
14
14
14
14
14
34
37
50
50
50
50
16
42
42
33
33
18
18
9
9
9
3
10
10
10
10
48
45
45
2
2
2
2
12
37
37
37
37
37
46
19
30
30
34
34
34
33
32
17
39
39
8
1
1
1
1
1
1
17
42
18
18
18
18
18
18
18
18
45
41
49
5
5
17
23
29
29
19
21
21
23
13
8
8
8
8
44
44
44
44
44
41
41
25
3
3
39
39
39
39
48
11
11
34
34
47
8
31
1
3
3
3
21
21
21
21
21
21
40
40
21
21
26
43
43
43
49
5
43
45
26
13
35
38
41
32
32
28
28
36
42
25
25
4
4
6
22
37
37
48
48
48
45
45
19
19
19
33
33
33
19
19
19
19
27
24
24
38
38
38
38
