2
2
30
42
29
32
32
32
32
37
2
2
24
1
43
43
43
3
35
34
34
17
15
43
29
41
41
41
41
41
41
41
41
29
29
27
27
1
15
15
12
12
26
11
11
1
1
1
1
43
38
49
49
37
37
37
37
37
22
22
22
22
22
22
22
22
3
6
22
21
42
42
42
27
27
27
28
28
28
28
37
37
6
6
48
3
3
31
31
31
31
31
35
40
40
40
37
37
23
22
22
25
29
29
36
36
33
11
11
11
11
11
4
18
6
34
16
11
11
11
14
23
23
24
17
46
36
7
7
7
5
5
18
18
18
18
18
18
18
46
32
15
15
16
25
20
16
16
39
45
24
31
17
50
16
8
7
7
16
37
37
37
19
19
29
29
30
30
41
30
30
30
27
27
27
36
36
36
28
28
34
26
26
42
28
28
28
28
28
28
33
8
8
29
40
40
49
49
44
44
44
21
