13
13
21
21
17
17
41
15
15
41
21
21
50
35
35
7
42
32
39
37
37
11
11
41
45
10
34
34
43
18
18
21
21
22
18
45
45
45
45
43
43
43
43
27
5
5
5
5
5
5
31
31
25
24
24
24
21
21
14
36
36
36
36
14
14
3
3
27
27
27
14
39
39
39
16
16
48
32
32
32
37
37
37
37
37
37
2
2
27
15
15
11
11
26
26
26
26
35
35
35
35
35
10
28
28
46
46
39
39
12
8
8
37
4
42
42
24
24
24
24
24
30
35
35
35
15
15
29
29
29
29
34
34
33
33
33
33
33
4
4
4
4
24
24
42
6
1
1
1
40
11
24
24
24
12
34
40
40
11
28
23
4
27
2
2
2
2
18
18
38
48
48
29
29
9
50
50
50
50
50
50
50
32
38
38
34
18
18
18
18
18
24
24
15
15
15
15
15
5
5
30
45
