32
41
31
31
29
29
41
41
41
41
41
41
41
41
41
12
12
24
24
15
34
6
17
17
6
6
6
6
28
32
10
37
19
19
19
17
17
18
18
18
14
40
15
23
16
35
18
18
42
44
44
44
8
24
31
17
17
17
17
45
45
45
4
4
16
16
16
41
13
4
45
45
45
13
34
34
34
34
34
26
26
26
26
26
26
32
13
13
13
13
2
2
2
2
42
42
30
30
30
30
42
33
33
33
33
42
42
3
44
44
44
19
19
19
48
48
11
17
17
11
11
3
3
37
37
23
23
23
38
38
13
13
13
10
35
35
35
35
35
15
2
2
47
47
8
8
31
31
31
26
26
26
9
1
1
1
1
1
8
8
8
16
8
5
45
45
7
7
35
16
16
16
29
3
3
3
36
36
36
28
28
45
45
45
2
22
22
7
33
33
22
22
21
21
38
3
13
10
32
17
30
30
