8
22
22
17
17
17
6
23
42
42
42
5
5
20
20
30
4
4
1
17
17
17
48
48
48
48
48
48
48
37
37
14
14
18
50
50
50
41
41
23
34
46
24
7
49
46
46
46
31
31
31
39
39
7
7
7
25
25
25
25
33
36
10
17
38
44
23
13
13
30
30
30
30
25
25
25
43
4
4
47
47
47
41
41
47
28
28
50
50
50
50
50
41
41
41
15
1
1
1
20
15
2
41
41
38
5
5
5
5
5
19
3
19
18
17
34
48
48
48
17
17
37
21
24
24
24
24
11
11
11
11
11
8
27
12
12
12
12
4
36
7
7
7
7
7
11
20
37
19
19
14
14
14
23
23
23
23
33
4
4
4
47
20
27
27
27
21
21
21
21
43
43
25
25
25
49
10
39
8
49
49
20
20
3
5
17
17
10
10
10
7
26
26
1
1
1
28
21
21
20
19
19
