49
49
49
49
49
49
49
35
35
41
41
41
41
41
30
13
30
2
2
2
2
2
49
30
49
22
22
22
22
22
22
2
2
35
13
49
49
35
18
35
35
35
13
13
13
35
41
2
2
30
30
30
49
49
49
35
35
35
49
49
18
41
13
18
18
22
35
22
22
22
22
22
22
30
30
35
2
18
18
18
2
2
18
22
22
22
22
41
49
49
49
49
18
35
49
30
35
35
41
49
18
22
35
35
35
49
49
2
18
41
2
2
2
2
41
41
18
18
49
41
41
41
13
13
13
13
35
35
49
2
22
22
35
35
13
13
41
13
13
13
13
13
49
13
13
35
35
30
18
2
2
2
2
22
41
13
49
49
13
13
22
22
2
2
13
35
22
13
2
2
41
41
41
22
22
2
30
35
35
22
35
2
35
35
2
2
2
2
35
22
30
30
30
18
22
49
35
35
35
35
35
35
