44
50
50
40
40
40
40
40
29
24
13
13
13
13
7
7
7
9
42
42
42
42
25
40
40
2
2
2
40
40
49
49
25
17
17
4
4
30
30
48
48
48
44
10
24
11
32
7
7
19
7
7
7
33
11
9
30
30
30
30
30
30
30
30
30
33
33
19
19
19
19
19
38
38
38
21
21
21
21
39
24
23
2
2
2
33
4
39
5
3
3
16
35
35
4
2
7
3
49
49
26
26
26
26
26
49
35
35
35
35
50
21
21
21
40
40
20
19
2
2
2
2
43
15
29
29
29
5
30
30
41
35
25
3
3
50
13
13
46
46
2
2
34
36
24
24
41
44
26
12
20
20
20
20
43
31
18
21
1
1
19
27
27
7
36
10
19
19
19
19
19
26
45
33
23
23
23
9
6
45
45
50
50
14
14
14
14
4
24
24
24
18
37
40
40
49
49
31
31
31
31
8
