20
20
20
20
20
10
10
16
16
16
16
3
3
3
3
10
30
30
30
48
34
18
18
24
30
7
48
12
12
39
39
39
6
19
19
4
13
13
13
4
16
16
16
14
14
14
14
14
17
17
17
17
20
6
6
9
24
24
24
8
8
32
34
34
34
34
34
34
34
3
48
14
5
5
5
16
16
35
3
28
37
3
4
4
4
30
30
30
30
24
25
12
12
12
12
48
48
48
33
33
31
31
16
16
4
23
23
23
23
23
23
23
23
19
1
43
43
24
34
35
23
23
23
23
23
8
8
50
4
4
4
32
32
9
35
35
20
20
20
20
20
15
14
25
25
49
49
28
28
28
48
31
31
31
31
11
40
40
40
40
3
3
3
21
1
15
42
21
21
21
46
46
26
20
20
20
20
20
26
27
27
27
27
33
33
28
27
27
27
27
15
15
15
42
47
14
14
28
28
50
50
41
