34
28
28
14
14
37
25
18
17
17
47
41
41
43
43
20
47
47
47
29
9
9
34
24
24
24
24
24
4
7
50
50
50
50
50
50
50
50
50
50
33
33
33
17
39
39
39
39
48
2
45
9
23
23
23
19
34
39
17
7
43
43
31
31
31
15
44
44
24
35
35
27
31
31
27
32
32
32
43
46
46
27
27
27
27
3
14
44
41
36
36
36
6
6
23
23
23
38
3
46
8
18
18
28
38
5
17
38
13
13
27
27
27
27
27
35
35
43
11
11
25
25
25
25
25
25
34
31
7
7
7
17
35
35
35
12
11
11
47
47
26
26
26
26
26
23
23
42
42
42
4
4
4
50
50
50
50
50
50
50
14
38
38
38
38
38
14
39
29
29
29
29
8
23
23
34
38
38
38
38
38
38
38
12
12
12
20
19
19
19
19
26
14
14
14
17
2
2
14
23
23
16
