2
44
44
44
44
44
44
44
44
44
44
44
44
49
49
32
12
12
26
26
26
20
21
20
30
16
47
47
47
2
2
35
35
35
42
42
42
11
39
29
20
20
4
36
36
9
9
9
47
47
47
34
34
34
6
41
26
26
16
16
16
24
7
7
44
11
8
22
22
6
45
45
45
27
37
37
24
50
42
48
48
10
10
10
10
46
36
36
36
36
32
32
32
29
29
16
16
16
32
27
27
46
19
19
13
5
5
5
5
5
5
5
5
30
5
5
34
24
1
16
36
6
6
12
24
24
47
37
28
28
37
4
4
4
16
21
21
21
21
21
21
7
27
27
27
27
2
2
34
19
24
24
23
23
47
42
42
42
40
41
5
5
43
43
43
43
30
37
37
10
36
36
29
25
25
25
25
25
32
32
32
32
32
32
32
18
6
6
6
6
12
10
34
8
8
40
40
40
40
40
41
41
