14
14
14
14
28
28
4
4
21
21
21
21
21
8
8
9
7
26
26
31
31
5
5
5
4
4
18
18
18
18
18
18
45
45
16
16
20
18
12
12
46
46
44
27
27
7
43
43
33
33
39
39
8
6
28
12
26
22
22
34
15
9
34
9
9
9
9
9
9
9
9
38
38
22
22
22
22
22
22
17
31
35
36
39
39
39
39
44
35
38
38
26
38
38
38
38
38
9
9
50
44
44
44
7
34
34
34
34
40
13
16
16
16
16
16
16
16
22
22
16
24
24
24
24
21
7
7
7
7
7
10
10
10
10
10
10
21
21
21
35
41
41
36
36
5
5
22
22
14
22
22
25
36
15
16
20
20
20
40
37
25
23
45
6
20
38
46
46
6
6
6
36
36
36
36
36
39
39
39
39
39
41
41
41
47
18
11
33
44
44
44
44
44
1
2
45
46
23
23
23
34
44
