10
17
21
21
21
6
26
26
19
19
19
42
1
4
27
48
48
48
26
26
3
35
35
26
26
26
27
27
27
47
18
18
18
48
7
7
7
7
28
28
28
28
28
48
48
15
4
4
43
12
6
16
4
16
16
16
16
39
39
39
36
16
16
16
16
16
16
16
20
20
33
33
37
25
19
19
26
26
40
49
50
50
50
50
4
4
8
31
31
10
10
10
10
10
10
10
11
39
33
21
21
13
13
17
21
21
50
50
34
34
34
44
44
44
44
34
8
44
44
7
7
21
21
21
21
21
3
3
3
3
3
6
6
6
13
13
50
50
32
12
8
6
6
26
26
44
44
44
41
41
43
25
7
7
37
37
37
37
2
2
39
39
12
12
12
29
29
29
29
29
14
17
44
44
44
44
25
25
16
16
16
16
48
48
48
48
33
33
27
29
29
29
24
24
16
16
41
41
41
41
41
41
