6
6
6
6
6
6
30
13
13
13
13
35
46
13
13
13
13
13
13
41
26
37
2
41
41
41
41
18
42
10
30
10
39
48
48
48
42
22
28
28
28
28
28
28
48
48
28
28
28
28
28
28
28
28
28
28
22
22
39
39
39
6
6
42
42
42
42
42
42
42
42
42
46
10
10
10
26
26
26
42
42
42
13
13
10
18
39
39
26
49
10
10
10
22
45
35
35
35
35
18
39
39
39
22
41
49
49
49
49
37
48
48
42
42
42
37
42
26
26
49
49
49
42
42
42
42
42
42
6
49
49
37
37
18
18
18
18
18
18
18
35
35
10
10
41
41
41
39
18
30
30
45
45
39
39
6
39
26
35
22
42
37
41
48
26
26
30
30
30
30
30
30
18
18
18
46
46
42
42
42
42
42
30
30
13
10
6
18
18
10
46
46
46
13
18
13
13
48
48
48
48
48
