44
25
25
46
46
46
46
46
38
38
38
38
38
38
1
1
37
37
37
37
49
49
49
45
45
28
22
22
22
34
36
40
28
6
27
24
4
4
44
34
4
4
4
4
21
21
21
21
4
4
46
46
19
31
31
31
31
31
7
7
7
7
7
7
29
10
7
7
25
29
42
12
8
8
29
29
36
9
33
33
33
2
22
22
50
50
50
50
50
42
16
27
27
27
27
27
18
27
27
7
18
18
18
12
30
44
44
44
44
7
4
4
4
19
19
19
19
7
29
29
40
40
44
23
38
18
3
2
11
38
38
38
38
14
14
14
14
14
14
26
47
47
47
47
34
34
34
34
6
49
28
30
26
11
27
27
43
43
30
30
30
30
30
16
5
5
38
15
15
15
39
39
39
39
39
39
18
43
11
11
11
11
32
32
32
32
32
16
16
16
10
10
41
41
15
15
28
47
44
47
39
39
