30
30
30
41
41
41
41
41
45
45
45
45
20
31
15
46
46
29
29
5
5
23
23
15
15
15
39
39
12
19
44
2
44
44
44
44
44
44
44
44
44
44
34
34
34
34
34
40
40
5
5
5
27
38
38
38
38
38
1
44
24
24
21
43
43
43
34
31
31
31
33
5
4
9
3
3
3
3
48
22
22
14
14
14
14
38
38
38
50
15
15
3
3
40
40
40
5
15
45
23
23
23
23
34
34
1
25
25
26
14
14
14
14
10
10
10
10
4
4
26
26
26
26
26
26
36
36
44
44
44
44
47
35
3
22
22
22
9
9
30
30
30
30
30
43
43
42
42
42
42
12
12
41
24
42
42
13
24
24
6
6
47
14
13
13
25
25
20
20
20
41
41
41
41
8
8
8
8
50
50
34
34
4
4
4
4
33
33
1
32
32
32
32
32
50
24
31
36
36
36
36
14
