13
13
13
36
36
36
41
29
36
36
42
42
42
42
16
16
16
16
16
16
16
14
20
20
12
1
1
1
1
1
1
37
7
45
45
45
45
45
45
48
39
38
11
3
46
32
30
30
30
30
30
30
26
19
19
19
19
19
11
11
29
29
37
13
38
49
49
49
44
12
32
39
39
24
24
24
14
13
13
13
11
20
20
20
1
6
6
6
6
6
6
2
2
13
28
9
22
22
22
13
13
13
18
27
27
21
13
13
13
19
19
19
22
38
38
38
38
38
38
38
38
42
42
42
42
28
49
48
33
2
2
29
1
1
1
1
1
1
42
49
13
44
44
30
30
30
30
30
30
1
1
1
1
46
30
30
35
35
35
30
30
3
3
27
27
27
27
27
27
24
24
24
32
32
32
16
21
21
21
20
20
22
30
30
29
41
17
17
17
2
2
47
47
17
17
10
10
6
7
7
37
12
