40
42
42
42
42
42
42
42
42
38
38
38
38
38
11
6
15
11
11
11
11
11
6
25
50
50
50
50
50
50
50
8
10
21
21
19
19
25
25
25
25
25
25
25
17
17
17
35
35
4
4
4
4
4
38
38
38
38
33
33
7
7
32
32
1
1
1
17
26
26
9
9
26
44
44
44
28
28
41
41
44
44
44
44
44
14
44
44
16
16
47
47
47
47
47
22
22
22
1
1
48
48
48
18
18
35
48
47
7
32
11
27
27
45
45
14
45
45
12
12
12
47
47
11
50
50
50
50
12
36
36
36
36
43
43
43
38
29
39
39
46
24
24
24
48
31
31
31
20
20
15
4
12
47
22
22
26
36
33
44
44
44
30
30
30
30
1
1
46
38
38
28
28
28
28
28
40
20
13
13
13
3
36
37
37
37
37
37
37
37
37
37
37
42
43
43
43
43
23
23
32
32
