35
40
50
50
50
15
9
19
33
41
37
37
22
22
48
37
37
19
21
21
32
44
29
29
12
27
24
28
48
48
47
26
13
13
28
33
33
5
5
22
22
22
22
14
45
45
45
45
45
31
31
23
23
23
23
23
15
15
15
16
10
28
28
28
27
27
27
27
27
27
1
12
25
49
49
19
8
15
15
15
15
15
15
40
40
10
13
11
11
42
42
39
46
46
46
36
36
36
36
9
36
6
28
28
28
28
3
14
14
14
14
15
11
47
47
47
35
31
31
34
15
9
15
15
3
6
6
6
7
7
17
19
5
7
29
42
42
3
3
16
31
12
12
12
42
42
42
23
23
23
23
42
42
42
42
34
40
40
42
36
11
47
47
47
20
20
20
7
7
18
18
18
48
48
48
39
39
5
5
36
36
36
36
5
42
42
42
37
21
21
10
14
14
23
23
2
2
2
2
18
3
3
