7
16
27
27
27
46
50
50
50
50
50
50
28
32
32
32
5
5
5
5
5
39
39
39
39
39
39
39
16
10
49
49
49
35
4
15
15
42
42
42
29
48
48
32
28
8
8
29
29
29
29
29
24
48
48
11
45
45
2
32
32
32
32
41
9
9
9
50
50
50
20
20
20
20
44
22
18
23
23
28
18
1
1
49
41
42
13
41
41
41
36
25
25
25
25
40
40
40
22
4
24
24
24
24
24
24
1
42
42
38
28
28
47
47
47
36
36
36
10
10
25
25
25
17
17
17
21
21
23
23
23
23
23
26
48
48
48
48
28
3
3
3
3
29
29
29
7
34
34
16
16
16
16
42
9
9
6
6
7
1
50
50
50
41
41
12
25
25
25
25
4
4
3
5
5
27
27
38
1
25
25
42
35
35
42
42
38
38
29
29
42
5
24
12
12
46
6
14
14
35
50
50
