34
36
10
10
20
39
39
39
16
16
24
47
12
12
44
14
14
14
14
27
45
32
32
32
5
14
1
29
35
9
9
18
18
18
18
18
14
45
45
45
45
43
46
46
46
46
1
39
36
41
3
3
3
11
11
35
35
43
43
43
43
35
19
49
38
8
8
8
8
43
43
34
34
41
35
35
35
49
49
49
31
7
38
28
12
45
32
44
47
47
44
44
39
15
15
15
35
5
11
12
3
28
44
44
44
44
44
4
4
4
46
46
46
21
21
21
21
37
25
42
42
14
11
11
29
13
13
13
45
45
45
40
41
41
29
29
29
3
13
13
13
13
7
7
7
7
7
4
6
48
24
32
38
38
38
38
30
50
50
49
6
8
39
44
14
21
21
21
21
4
4
24
6
28
40
40
40
31
31
31
37
24
24
24
24
42
42
42
4
4
24
24
24
24
21
32
20
34
34
34
34
21
