23
4
33
34
34
34
34
34
33
33
33
33
46
46
6
6
47
47
29
29
29
38
38
27
16
31
31
14
14
46
46
22
18
18
25
25
25
25
25
17
17
17
18
18
18
39
39
39
21
21
21
21
15
15
8
8
8
17
17
17
17
9
9
9
31
7
12
12
20
20
10
10
44
44
44
44
44
44
46
46
40
40
44
44
25
50
50
50
50
50
50
50
50
50
48
35
35
18
18
18
18
40
5
5
38
48
48
28
30
30
30
30
30
30
13
13
27
49
49
20
46
46
26
32
41
41
41
41
43
43
46
15
13
13
36
36
36
27
27
27
27
44
44
20
20
20
23
23
23
23
31
31
3
3
1
1
4
37
32
14
14
14
14
32
20
20
20
40
40
40
27
35
33
33
32
11
40
40
40
45
35
35
35
35
32
32
32
32
6
6
46
22
22
22
22
22
31
31
31
31
31
31
