24
24
24
24
32
3
3
3
3
36
36
3
21
21
10
10
2
2
2
28
28
47
39
8
50
50
50
28
28
28
28
28
42
42
42
42
42
42
42
42
42
42
19
32
32
32
27
21
26
16
4
4
26
15
15
34
34
50
50
46
46
46
43
43
50
50
50
50
50
6
15
15
16
45
38
33
45
45
14
14
23
47
47
47
27
16
24
36
14
4
4
47
25
43
43
13
10
25
17
17
40
16
44
23
39
39
39
39
39
4
9
9
9
2
2
2
16
16
16
35
39
39
39
39
39
36
36
36
17
17
27
27
27
27
27
27
27
27
27
5
5
5
12
25
25
25
25
48
48
26
24
24
6
40
41
19
42
42
42
42
42
42
39
39
39
39
39
39
39
3
49
42
42
47
16
16
16
20
20
44
44
42
42
42
45
45
4
36
50
50
38
38
4
26
7
7
6
6
6
34
34
24
