32
27
6
14
14
9
4
4
13
13
13
29
38
38
24
48
48
48
48
48
48
48
40
40
40
40
40
41
41
18
18
17
20
20
20
9
9
9
48
48
14
14
46
46
13
32
38
17
17
17
36
18
18
18
18
18
21
21
21
21
42
13
34
34
34
35
35
1
11
11
11
50
19
46
35
35
35
35
39
17
17
9
17
13
13
37
37
37
37
41
41
49
9
9
24
24
16
50
47
47
47
31
48
41
41
44
44
44
44
33
33
7
7
7
9
9
9
9
38
7
7
7
27
27
27
2
35
35
39
17
17
40
40
40
40
28
44
44
32
34
18
17
2
2
2
16
16
16
16
48
22
22
22
26
13
28
1
1
1
27
16
16
16
16
16
16
16
16
28
16
8
8
16
41
41
27
27
1
1
1
1
1
1
20
26
26
34
34
31
31
37
37
37
37
37
21
21
6
6
47
47
47
