35
38
38
8
8
20
15
15
13
22
22
22
30
45
38
38
17
17
17
17
1
1
1
42
42
42
40
43
32
37
37
36
17
17
17
17
17
29
8
8
25
25
18
37
19
19
43
43
50
50
15
41
41
41
50
50
42
47
31
31
31
44
3
13
27
27
5
21
35
35
35
46
38
30
32
32
22
22
22
22
38
8
8
8
8
17
10
16
14
5
5
5
5
5
5
5
5
9
9
18
1
1
17
17
45
34
21
21
26
5
26
22
22
7
43
43
43
43
3
3
3
1
6
6
6
46
24
24
24
24
24
3
5
5
8
47
47
47
47
13
21
21
16
16
16
50
50
50
14
36
36
36
36
16
16
16
16
16
16
16
16
33
33
11
8
8
42
42
42
25
15
28
28
37
37
37
36
42
42
21
21
21
49
18
18
18
43
43
9
9
33
17
17
20
20
36
36
36
36
36
13
13
