47
47
47
47
22
22
2
20
20
22
15
15
7
24
27
16
3
3
3
14
16
20
39
39
39
32
45
45
45
35
35
35
44
44
44
12
12
12
12
36
36
38
38
2
3
21
39
23
3
3
46
46
46
46
2
2
2
44
27
27
39
25
25
16
9
9
9
21
28
14
47
46
5
5
13
13
16
16
16
16
16
26
26
26
40
23
19
44
44
49
49
9
9
9
8
14
14
22
20
10
10
13
13
18
1
1
1
1
1
22
22
22
22
22
22
7
7
48
48
37
19
20
9
36
36
27
27
48
44
44
31
30
30
30
3
3
3
1
24
13
8
14
3
19
3
3
11
45
45
6
5
18
24
33
12
25
25
26
26
49
27
29
29
29
29
32
32
18
27
27
27
27
27
27
27
32
14
20
20
31
31
31
31
31
41
9
9
3
47
10
10
50
29
29
7
7
12
12
48
46
46
46
