47
47
32
32
32
32
32
32
32
28
32
7
7
13
9
9
9
9
7
20
20
20
44
44
16
16
16
8
8
8
8
30
41
49
49
49
47
12
1
16
6
44
19
19
19
11
22
45
45
45
45
45
24
6
6
6
40
40
40
40
40
12
12
40
40
40
24
10
37
14
38
38
11
46
19
19
19
3
26
11
7
7
7
11
6
6
6
6
15
48
48
48
48
48
6
6
6
6
39
39
39
39
32
27
27
27
27
27
1
1
28
25
25
50
11
11
11
11
11
11
16
16
37
37
47
47
47
24
40
40
40
45
45
31
2
2
2
2
2
2
2
32
24
24
28
10
10
2
2
2
2
2
14
14
5
5
13
22
28
26
26
39
5
3
2
2
2
2
28
14
28
28
28
9
9
46
2
2
40
40
41
41
41
49
49
37
50
50
50
50
17
17
18
50
50
29
34
30
30
30
30
7
