21
13
13
13
14
14
14
14
31
2
39
24
24
15
15
15
40
40
40
40
16
16
5
5
5
5
45
29
29
29
50
50
45
16
50
9
9
9
26
26
26
26
26
26
26
26
28
28
48
21
21
21
21
33
42
37
48
24
24
24
24
24
7
49
15
29
29
21
1
12
12
11
41
41
41
24
24
24
4
10
10
36
36
36
20
20
20
20
36
36
2
42
42
7
11
11
11
22
16
30
6
40
39
35
27
27
27
27
24
19
19
12
46
46
26
26
26
26
28
40
40
17
17
17
22
22
50
40
5
5
5
5
5
5
26
21
21
50
50
30
30
36
36
36
40
40
40
28
28
28
4
6
17
17
17
17
17
11
48
28
11
11
45
45
45
11
11
37
21
21
19
19
19
47
4
29
24
24
18
18
18
18
44
32
32
32
32
32
32
11
11
11
6
6
6
6
20
20
23
23
23
16
