29
40
40
43
18
18
31
31
31
31
32
32
5
5
5
28
27
27
40
7
7
43
43
43
15
2
2
2
2
19
12
12
48
48
48
49
19
44
44
26
26
26
26
26
26
26
21
40
47
12
16
24
24
11
36
36
8
8
18
23
36
23
23
23
4
20
20
12
44
44
39
36
36
36
45
45
45
21
23
23
23
23
23
23
37
3
35
35
45
45
45
45
45
7
7
19
15
43
43
46
46
46
46
46
43
43
43
43
43
43
43
43
43
43
31
31
43
22
22
22
22
4
24
24
24
24
24
20
20
8
8
30
30
45
39
39
39
31
1
22
22
49
49
8
8
8
26
13
13
13
13
13
13
20
20
20
8
36
36
38
38
26
26
10
10
10
40
32
32
15
15
21
23
47
6
6
39
39
39
46
42
37
37
11
23
23
23
22
22
22
22
8
27
27
27
27
3
3
15
15
13
13
