29
29
29
4
33
49
49
23
33
17
14
14
14
26
20
39
12
34
3
16
16
19
41
41
28
15
25
45
45
45
45
11
11
17
19
19
19
19
12
13
44
36
48
48
29
39
37
24
26
26
45
7
21
21
21
21
2
2
15
10
13
18
18
18
18
18
18
18
18
6
6
48
4
4
48
48
18
18
29
29
50
15
8
8
15
15
17
17
17
36
36
2
2
19
19
19
1
1
1
18
12
12
9
20
20
20
13
13
13
45
10
33
15
1
1
1
49
49
49
19
19
19
19
19
19
27
27
17
17
17
3
9
17
24
49
23
13
27
34
34
28
28
31
31
2
2
2
41
41
41
41
6
6
6
6
6
6
30
30
49
49
29
29
29
29
24
25
23
23
23
23
50
50
32
42
12
12
5
5
43
43
42
23
23
25
25
25
27
27
20
20
20
20
26
26
26
21
11
48
49
49
49
