39
40
40
3
3
3
3
3
3
3
22
22
14
14
14
10
31
48
48
48
48
48
48
48
21
34
34
46
31
8
8
9
22
22
22
15
39
39
13
49
49
49
24
5
5
19
19
19
19
19
41
23
23
23
4
41
45
45
45
45
18
47
21
21
3
3
2
41
41
41
49
49
49
28
28
28
15
21
21
31
3
45
45
45
45
27
23
23
23
23
48
20
46
46
46
46
4
12
12
12
12
12
12
12
50
12
25
25
46
46
46
16
16
26
9
41
41
40
5
5
43
43
43
43
49
17
45
42
2
22
29
14
14
14
14
14
14
14
36
36
5
5
5
34
34
34
34
34
34
34
34
4
4
4
4
4
9
9
23
19
19
7
7
10
10
33
33
45
4
4
4
17
31
31
48
32
32
32
43
43
32
5
10
10
10
10
10
10
10
10
10
10
26
40
40
40
50
50
32
23
23
23
