48
11
9
9
43
13
13
13
13
40
25
5
5
41
41
41
28
39
4
4
5
16
16
36
36
36
22
3
40
21
33
15
15
26
26
26
11
24
21
21
21
21
21
30
30
22
22
22
22
8
8
16
34
34
14
31
31
31
37
43
43
43
43
47
47
47
38
38
38
38
32
28
28
28
27
32
32
32
41
36
36
36
19
13
11
11
11
11
11
8
4
4
4
4
4
27
27
29
42
42
42
25
25
14
32
27
36
19
12
42
28
28
28
28
28
28
28
26
26
21
11
11
11
37
15
36
24
42
42
23
23
23
36
36
46
43
46
35
35
35
47
47
47
47
31
31
5
18
14
14
14
31
31
37
37
28
28
28
49
12
23
23
23
6
6
6
6
6
17
18
46
49
4
4
26
26
26
26
26
26
26
40
40
12
12
12
32
18
18
18
18
18
33
44
44
44
44
44
44
44
44
44
