22
22
22
47
15
15
15
15
15
24
24
24
24
34
18
39
12
12
12
12
17
19
19
6
6
6
6
6
7
50
50
34
32
32
30
31
2
7
13
13
13
1
18
18
18
43
43
49
5
47
37
16
16
28
28
29
29
30
3
16
1
1
1
36
20
1
37
10
38
38
32
3
9
9
9
9
9
9
38
19
19
26
1
1
1
24
24
24
29
29
35
35
29
29
32
27
27
27
36
32
11
11
11
25
48
31
36
50
27
27
27
27
27
27
27
14
14
8
8
1
40
40
12
8
8
8
39
39
13
13
13
13
13
41
42
42
42
30
30
30
36
36
36
9
24
5
46
31
10
10
27
27
7
7
49
49
1
1
1
2
46
19
18
18
18
18
18
45
19
21
5
29
29
29
16
16
16
50
13
33
33
33
33
30
29
32
32
1
9
26
49
49
49
1
34
34
34
34
34
34
7
42
