10
10
10
10
10
17
17
17
17
17
33
49
27
27
44
12
10
31
31
37
10
6
6
38
50
50
31
6
6
7
5
5
5
5
5
5
5
5
5
9
23
21
32
32
32
32
5
11
39
19
13
13
39
25
25
35
19
19
37
24
28
23
23
23
23
23
23
25
16
13
13
13
13
13
13
13
13
6
6
6
6
38
38
17
41
34
23
11
24
24
24
32
26
26
17
12
3
3
40
40
1
1
1
1
34
34
34
34
49
49
49
36
7
30
30
30
10
46
24
41
41
41
41
41
5
5
5
2
16
16
49
36
36
36
36
41
47
29
29
29
29
29
32
40
15
15
15
15
22
22
22
22
22
24
24
17
6
6
39
2
8
29
29
29
38
38
38
38
22
22
22
12
12
12
42
42
42
29
11
47
11
11
11
11
25
25
36
36
36
36
36
36
41
41
17
23
25
23
5
5
5
21
