35
1
1
16
43
23
45
45
45
45
45
1
7
7
39
39
39
39
39
39
15
28
28
12
41
43
43
43
43
43
43
43
38
18
35
19
33
33
42
2
2
8
8
8
10
21
19
40
31
24
7
7
46
46
46
46
46
46
21
21
45
37
39
20
32
32
32
1
1
1
49
39
39
39
39
36
36
5
5
5
5
5
19
35
16
30
12
17
17
45
45
45
34
30
31
31
42
19
19
19
13
13
13
6
6
46
46
10
10
10
37
37
13
13
13
13
43
43
38
38
4
4
18
41
41
37
8
25
45
40
1
6
9
17
21
21
21
21
21
21
9
9
2
46
20
47
18
34
34
34
34
8
41
41
26
26
44
44
44
2
2
45
47
47
47
29
29
29
29
22
24
24
38
41
41
41
41
41
43
33
22
22
13
45
27
27
27
27
27
27
15
15
9
49
32
32
27
6
16
18
18
18
