47
37
1
31
31
31
2
8
8
8
8
5
5
21
20
20
21
33
33
36
11
14
14
2
22
22
17
39
35
40
40
12
28
35
35
4
23
39
39
39
39
5
5
49
38
38
21
18
18
15
15
3
3
3
7
34
34
34
38
10
10
40
40
40
33
35
5
5
33
33
33
10
10
35
3
3
3
3
3
38
19
19
19
19
14
14
25
25
7
7
7
1
43
35
29
38
38
3
3
40
40
40
45
45
27
24
24
24
24
24
31
17
17
17
17
45
45
39
39
39
39
43
43
8
46
46
27
27
27
10
19
13
13
32
46
41
41
41
41
4
4
4
4
22
22
22
22
28
28
28
28
28
28
28
39
39
39
41
9
43
43
7
22
22
22
42
6
6
6
6
6
34
5
5
5
5
31
31
50
21
14
17
13
44
23
15
41
44
44
44
12
12
21
16
30
44
44
44
42
42
22
33
