1
18
37
37
19
19
19
19
47
47
34
45
45
39
50
50
36
17
36
16
16
15
4
43
43
43
43
44
9
42
42
12
50
9
27
27
27
13
42
12
45
32
32
32
45
45
45
31
31
31
25
25
25
25
35
16
43
12
47
47
47
47
44
44
26
14
14
14
14
14
16
16
16
4
4
4
25
25
25
25
3
3
3
37
37
23
10
10
11
11
11
28
27
27
27
27
27
27
19
19
30
30
23
15
15
37
17
17
35
44
38
38
48
37
37
41
36
46
25
29
29
29
29
44
44
44
42
42
42
7
11
25
25
24
25
25
25
50
6
31
6
6
47
47
42
42
3
3
13
3
3
3
3
8
39
39
39
32
32
32
2
30
30
30
38
38
38
38
38
38
38
38
38
4
4
4
4
4
43
21
17
16
13
13
13
32
32
18
18
16
19
19
31
31
27
27
36
36
36
17
17
25
