18
18
31
41
16
16
42
42
22
28
28
42
40
4
4
4
1
1
1
1
1
1
47
47
47
47
47
6
12
12
1
5
5
2
16
10
45
13
13
13
32
37
37
40
6
9
35
35
4
4
4
2
13
38
38
6
6
6
40
41
41
41
41
41
15
5
3
8
8
8
8
8
8
8
42
42
20
5
28
28
24
24
2
2
2
2
2
8
8
3
3
5
5
5
40
20
20
8
49
49
49
4
33
33
45
21
21
21
21
14
14
21
25
33
33
8
8
8
21
45
6
37
6
37
37
3
3
3
3
3
32
31
6
6
6
6
6
26
23
26
26
37
39
25
25
12
43
43
43
1
35
35
26
31
31
39
27
17
7
3
3
29
8
48
45
45
19
19
19
2
24
24
32
32
32
32
32
32
30
6
6
47
47
18
33
33
9
22
22
22
22
5
11
3
3
3
36
3
3
18
18
5
