16
16
16
16
41
41
41
41
16
34
34
9
9
2
2
2
25
25
13
13
13
43
3
3
3
3
48
48
26
38
38
18
18
2
2
2
36
48
48
48
48
11
47
47
47
47
15
15
15
28
28
16
16
16
7
7
30
30
30
14
20
14
14
4
4
4
4
4
4
20
20
17
37
26
4
4
4
24
24
24
24
16
33
14
39
41
41
41
15
49
5
5
32
21
44
38
42
42
42
38
38
39
35
35
4
4
4
4
4
4
4
11
11
32
32
32
32
30
48
48
48
48
6
21
50
50
50
4
4
34
40
40
40
40
40
19
2
23
23
23
23
23
43
4
4
4
24
8
8
8
8
15
4
19
18
2
34
34
34
6
32
32
32
20
31
31
31
46
46
26
26
14
47
47
13
4
4
38
18
18
18
14
14
14
14
10
10
48
48
48
42
42
42
12
12
12
12
27
27
27
45
45
