39
40
42
42
13
9
50
16
12
12
12
1
1
46
46
46
7
27
48
39
18
18
3
10
17
2
2
13
13
39
1
30
49
49
13
13
28
28
28
7
1
1
29
29
29
29
29
39
39
18
36
36
36
22
3
16
21
21
21
38
14
14
14
14
14
14
19
19
46
46
11
23
23
23
23
17
17
20
20
7
7
22
22
22
22
14
14
49
49
49
50
22
22
46
46
46
46
26
26
21
38
22
44
38
12
12
36
36
36
46
6
28
28
23
23
39
39
39
35
35
29
29
6
43
43
1
1
1
46
43
33
33
33
7
34
27
27
4
45
35
35
35
49
49
3
22
22
4
43
43
43
15
29
29
29
29
29
11
31
44
44
21
39
39
25
50
8
13
41
41
41
1
8
8
37
30
30
31
31
31
31
31
7
7
7
47
8
39
5
5
13
36
34
32
32
1
38
38
34
33
26
6
