36
36
36
7
21
41
13
11
11
49
49
49
49
26
25
25
37
18
50
50
50
17
7
7
7
31
31
31
26
46
46
46
28
28
30
22
22
22
22
47
45
45
46
46
36
36
25
25
25
49
49
7
7
14
14
32
32
32
26
26
31
31
13
19
19
44
46
38
38
38
47
47
47
50
41
41
13
1
50
50
5
5
5
5
24
24
29
2
2
2
11
19
19
19
19
19
19
19
8
8
26
26
26
48
44
6
45
45
45
33
21
14
14
34
16
16
3
3
33
37
37
37
44
28
28
28
28
28
28
48
1
42
42
42
8
11
11
11
11
11
11
11
21
21
21
2
2
2
2
44
23
4
5
5
5
5
33
33
33
39
47
22
22
22
28
28
35
11
11
21
46
46
37
37
39
39
1
38
26
26
47
43
43
43
43
10
38
24
24
24
24
13
48
48
38
38
1
37
37
4
3
3
