4
5
25
25
44
44
12
12
12
12
12
20
9
9
19
7
7
7
45
45
9
9
9
7
7
7
7
7
7
28
3
17
17
17
17
17
29
32
17
27
10
10
44
32
20
5
5
5
5
4
35
1
27
4
4
4
14
33
33
27
27
27
2
17
17
17
38
38
38
11
8
8
37
37
37
13
25
25
40
40
40
14
41
28
10
32
32
32
6
7
7
31
31
31
31
31
31
37
11
29
34
34
34
14
14
17
46
20
12
12
26
9
4
49
27
39
38
24
7
7
7
38
2
2
2
14
14
14
48
48
21
49
21
9
9
37
5
48
44
29
29
39
39
4
4
4
10
10
10
9
9
9
2
5
5
5
5
5
5
5
43
43
46
35
35
11
48
48
45
45
1
50
1
1
1
1
1
1
29
29
29
29
40
40
40
3
3
50
13
44
44
44
13
50
50
18
18
34
34
26
49
49
