10
10
10
37
37
37
17
32
43
43
43
27
41
2
2
2
32
49
6
6
6
6
6
38
38
38
1
33
18
18
20
6
34
34
34
28
9
9
36
36
29
9
43
43
43
3
12
16
6
6
19
43
48
48
9
9
9
11
43
22
9
22
16
16
16
16
16
5
37
37
23
39
7
42
42
27
27
31
32
32
32
15
15
15
15
26
26
26
41
41
14
14
14
12
12
29
29
36
10
20
5
5
10
10
10
10
38
46
46
46
4
4
18
18
48
48
34
32
4
5
7
7
7
7
32
32
32
32
32
50
50
50
47
46
46
34
10
27
11
23
48
48
48
48
48
48
48
48
48
49
49
49
49
12
12
12
17
45
14
14
14
14
14
14
14
14
14
44
46
46
4
4
44
44
11
11
11
11
11
12
18
9
9
11
11
47
47
47
40
34
34
40
41
41
50
50
1
14
14
14
10
41
