19
12
26
45
27
27
27
48
48
48
19
19
19
19
19
19
15
9
9
6
21
21
36
19
50
8
40
49
49
12
12
12
28
28
21
21
28
22
22
36
36
27
27
27
27
40
20
20
50
38
50
20
24
24
3
3
9
43
43
17
8
8
8
49
21
21
16
16
2
41
41
50
32
32
44
44
44
44
44
10
10
18
20
20
32
31
34
34
34
50
43
28
28
15
17
47
23
8
9
39
39
2
2
2
31
31
31
17
16
16
33
33
7
47
47
43
44
44
25
25
13
18
11
11
11
11
41
41
41
46
31
18
35
35
35
32
32
50
4
46
46
46
37
37
37
6
6
6
6
21
39
43
44
50
50
50
12
12
12
28
36
49
44
7
7
38
38
31
14
46
46
31
10
10
28
31
31
23
38
40
40
2
2
12
12
12
9
40
24
24
9
43
43
43
43
46
46
46
19
19
29
29
