38
38
9
9
9
9
9
21
21
5
12
17
17
22
24
22
22
48
48
40
23
23
23
50
50
50
50
50
50
45
45
17
17
17
12
12
12
11
23
23
34
34
19
19
4
4
5
32
20
20
20
20
20
20
44
44
15
43
23
23
47
29
29
14
14
14
14
14
41
41
41
41
47
47
40
20
26
26
21
39
39
39
39
39
13
17
17
17
4
4
4
4
4
4
1
1
1
45
34
34
32
31
23
23
23
23
23
14
14
15
33
33
33
33
33
16
26
26
31
31
31
31
31
31
31
32
32
32
32
19
41
31
31
12
12
12
12
16
16
16
16
16
16
16
16
16
16
16
1
4
4
4
4
4
4
4
4
27
47
11
11
11
11
11
11
33
39
39
46
46
21
21
21
45
45
19
19
19
19
35
14
19
19
27
40
22
22
22
18
34
48
48
46
22
33
28
21
5
5
5
31
8
