10
45
45
45
45
23
25
34
48
48
48
27
3
16
16
16
49
49
22
22
22
47
25
25
24
28
28
28
28
28
30
30
30
30
14
14
25
31
31
30
41
41
41
23
8
13
13
5
5
5
17
17
46
46
46
46
50
39
47
47
29
29
29
18
17
17
17
17
17
37
50
50
49
29
4
21
19
38
44
44
44
28
28
49
49
49
6
28
28
44
44
19
19
19
19
19
30
15
15
49
45
19
19
45
45
45
12
12
47
16
16
16
16
32
10
14
39
39
39
39
23
34
34
12
12
12
43
43
43
43
18
44
44
40
48
47
37
21
13
19
49
33
18
8
40
40
40
40
4
30
40
22
2
32
43
17
3
3
11
46
36
24
29
11
11
11
9
9
9
46
46
41
42
18
2
8
8
8
29
39
46
46
46
44
44
6
6
6
6
6
6
6
26
26
26
26
26
20
2
2
2
2
