26
11
11
11
24
24
24
24
24
24
24
9
25
25
19
19
44
44
44
21
21
19
19
19
19
29
29
29
8
8
8
28
7
5
5
39
17
17
17
17
17
17
17
41
23
23
11
11
11
11
11
1
10
10
36
36
26
26
26
26
26
26
26
31
31
7
7
7
7
7
7
7
38
24
24
35
35
35
34
20
20
15
20
20
20
20
20
42
49
49
49
27
27
27
5
5
6
6
12
12
12
12
18
26
38
50
50
50
22
17
23
23
35
50
12
12
23
49
49
45
31
31
44
11
11
25
25
25
43
49
49
49
49
10
39
31
31
15
15
33
50
50
50
32
32
32
11
11
38
33
33
33
17
17
17
17
17
17
17
36
36
29
29
32
4
4
27
8
34
34
23
23
23
41
41
35
35
6
12
48
48
16
16
1
28
50
31
31
42
42
35
35
42
42
48
48
48
48
8
28
28
30
