32
30
25
25
26
26
22
36
36
13
13
25
35
35
27
27
27
47
47
47
47
16
22
6
46
23
6
46
46
39
6
21
21
47
35
35
32
23
45
19
19
19
19
19
19
22
20
20
20
20
8
9
9
9
1
18
28
28
8
8
8
8
48
48
48
31
31
31
31
31
31
31
12
12
12
12
12
12
19
20
33
33
33
5
32
25
25
35
45
40
29
29
6
6
6
6
6
23
37
45
31
31
6
3
40
40
14
7
7
7
13
46
46
29
29
39
10
44
14
14
25
23
23
23
7
7
7
34
21
21
21
21
21
21
21
21
21
21
21
21
42
29
36
14
14
14
30
30
15
15
15
32
32
32
22
32
48
1
11
11
8
37
45
21
9
50
50
44
14
14
14
14
14
35
34
34
34
49
39
21
21
21
21
10
10
10
47
28
48
24
24
8
14
34
4
16
4
4
4
4
15
50
