50
50
20
20
20
33
49
49
49
5
5
5
5
26
37
43
43
43
36
36
36
41
48
48
1
1
1
1
24
24
12
3
2
35
48
48
18
18
18
17
29
18
13
24
24
43
42
42
49
32
37
47
44
44
17
37
36
36
24
43
1
4
4
4
4
6
40
40
14
14
4
8
8
12
12
30
30
30
47
6
4
42
42
42
42
42
42
16
16
16
26
18
18
16
16
16
23
23
4
26
36
36
36
32
17
17
17
43
42
42
25
25
42
39
3
3
3
3
3
6
17
17
17
46
46
46
25
25
25
47
47
47
3
6
48
48
20
20
20
20
25
4
4
44
44
44
44
44
44
44
44
29
18
18
18
15
28
28
28
17
17
17
10
47
47
47
47
47
8
8
8
8
33
33
33
33
25
27
27
46
30
3
3
22
22
39
34
34
34
34
12
6
24
24
24
45
13
10
23
19
27
47
