10
48
48
5
2
36
36
36
42
42
25
38
45
14
14
11
23
33
39
5
22
8
8
6
9
10
10
33
35
32
32
32
32
25
25
25
17
17
17
17
49
49
49
49
36
36
36
22
1
1
1
45
21
21
21
21
21
21
21
39
47
45
45
45
45
17
16
10
10
1
1
1
17
23
23
47
47
47
47
47
40
13
13
45
45
42
31
5
5
4
4
4
4
16
16
16
16
48
48
48
7
26
25
25
27
43
43
16
16
48
10
20
20
20
20
4
4
4
4
5
5
5
23
23
28
43
24
24
24
24
24
45
21
26
47
42
17
17
17
17
17
17
17
22
22
22
22
22
6
5
34
29
42
27
47
42
42
29
29
29
29
21
21
7
7
9
9
36
31
31
31
36
47
13
31
31
31
31
31
4
24
33
33
27
27
8
29
29
46
46
3
3
3
3
3
29
25
25
25
25
3
3
