20
20
20
23
23
23
30
30
10
10
32
32
35
35
35
11
11
39
39
3
3
17
17
17
11
11
49
16
31
31
31
31
31
31
19
19
19
19
19
12
16
11
5
44
25
2
2
2
31
31
29
29
37
37
37
38
38
38
38
35
35
35
37
37
37
34
34
34
6
6
4
22
22
20
20
20
20
47
15
15
15
15
2
2
2
30
41
41
41
41
26
26
2
2
18
18
45
3
38
40
40
40
24
24
24
24
33
45
40
40
40
46
46
46
46
38
38
38
38
38
38
15
4
4
2
42
42
42
42
4
4
5
45
45
36
3
3
3
15
15
8
8
25
2
23
23
3
3
3
17
34
50
9
2
40
40
40
13
32
15
15
15
15
9
26
26
26
46
44
44
40
40
38
38
39
17
17
17
17
17
17
17
17
33
33
33
20
20
20
20
20
20
20
42
26
25
25
25
35
35
23
28
