26
26
27
15
11
11
11
11
11
9
24
26
26
29
29
29
35
15
15
15
50
50
50
50
50
50
23
23
23
23
23
25
25
27
2
36
33
40
40
8
8
5
18
18
39
30
43
27
27
26
26
26
48
22
22
4
4
15
9
14
14
1
31
11
11
11
11
15
15
14
14
13
13
48
49
49
49
49
13
13
44
26
26
49
32
32
32
33
33
33
33
3
34
50
50
50
32
32
24
16
38
38
38
38
40
40
40
40
40
36
33
36
36
8
8
32
32
23
13
13
13
36
10
14
34
41
41
13
49
49
49
35
35
35
35
35
7
50
43
41
24
24
49
49
49
49
49
12
28
28
28
28
23
23
23
38
38
38
38
32
32
9
49
48
21
21
34
11
11
11
21
21
31
16
42
42
42
25
25
12
12
2
5
36
36
36
6
6
15
8
8
8
14
49
40
40
40
40
40
36
38
38
