18
18
18
18
33
33
33
20
20
3
3
19
44
9
9
46
1
1
7
7
3
3
10
10
9
9
9
9
9
11
34
34
25
14
14
32
46
33
5
5
38
37
37
3
35
35
32
40
24
41
41
41
21
21
47
7
25
25
5
35
4
4
11
11
47
6
47
47
47
5
7
7
24
33
20
20
50
6
6
6
9
9
9
9
14
50
11
11
7
7
7
46
40
10
44
22
47
26
38
38
38
21
15
15
21
21
21
40
40
40
40
40
2
34
34
38
28
28
4
36
8
8
22
22
22
12
12
3
25
25
25
25
3
47
22
49
11
11
9
10
1
1
1
31
49
49
49
41
41
41
14
44
36
36
23
14
48
48
48
32
32
17
44
44
44
50
50
50
50
11
11
11
46
46
46
16
28
28
28
36
36
36
24
24
24
24
27
20
45
45
27
27
27
27
5
2
2
2
2
29
29
44
