43
29
29
29
29
19
29
29
28
28
10
10
10
16
16
16
16
16
5
5
5
49
23
48
48
48
40
3
3
3
3
3
3
42
1
42
40
40
36
6
32
32
8
8
49
13
13
40
40
40
40
25
17
17
17
17
17
17
17
17
39
4
4
45
42
42
5
5
49
49
49
3
3
3
27
27
25
25
19
21
21
11
5
5
30
30
30
39
43
37
43
43
8
50
33
33
33
33
33
9
9
9
15
10
10
1
17
48
48
48
48
48
48
48
3
3
40
39
46
46
50
9
9
9
9
14
14
14
14
10
18
35
35
7
7
7
7
36
38
38
26
26
26
26
1
1
1
1
1
15
15
17
30
30
30
49
41
41
8
48
48
42
42
42
42
44
44
44
44
44
21
21
31
5
5
5
50
50
50
44
12
46
34
30
15
12
47
27
27
14
14
14
14
14
26
35
49
49
49
29
29
12
