48
6
40
46
46
46
39
26
3
3
1
1
28
3
47
47
47
47
47
23
23
32
33
50
8
8
8
8
8
27
27
27
27
16
41
41
41
46
46
46
46
15
2
2
15
22
7
14
44
13
13
37
32
42
42
28
26
26
11
4
14
14
17
17
8
8
45
45
7
17
17
31
31
49
21
34
34
34
37
37
35
42
42
23
23
23
23
49
47
47
35
35
35
13
36
2
2
2
2
40
40
18
18
7
7
7
7
20
3
3
3
16
36
36
36
10
14
5
5
5
10
13
13
3
3
3
3
3
1
2
2
8
19
19
14
14
12
12
22
2
28
28
49
28
28
44
46
32
32
32
32
14
14
44
32
38
38
6
28
28
34
37
32
32
32
49
49
17
17
40
40
11
11
8
8
50
2
2
17
22
27
49
1
1
34
34
21
42
41
41
10
19
29
29
47
47
29
45
43
35
26
22
