49
49
41
41
41
22
22
22
2
2
6
6
32
7
7
28
42
42
29
29
29
29
29
32
32
32
32
46
27
27
49
46
37
37
41
41
34
29
32
28
28
5
5
23
23
23
23
43
43
43
2
2
2
25
25
25
25
36
45
45
45
23
2
47
11
6
6
6
6
2
2
2
2
14
49
12
18
43
43
4
4
36
22
41
39
17
5
38
38
38
19
19
19
35
35
7
7
7
7
17
13
13
42
42
9
9
9
40
40
40
40
12
38
38
38
38
49
18
39
39
39
5
27
12
40
18
9
38
38
20
20
25
4
4
4
41
41
13
13
11
11
11
15
40
40
40
40
37
37
24
1
50
50
43
43
43
16
24
24
21
48
48
29
47
50
30
30
30
30
3
16
16
44
4
4
4
20
6
6
5
5
37
37
37
39
20
17
17
17
17
27
27
27
27
5
5
5
5
5
5
44
25
