20
48
15
2
26
26
26
34
8
8
30
30
5
5
5
25
7
7
5
5
5
47
33
21
21
21
29
40
36
47
47
45
45
45
45
45
45
4
4
7
37
37
37
37
42
42
50
50
50
50
45
45
43
43
21
21
21
21
39
19
19
26
26
26
10
10
10
17
24
24
35
23
47
41
41
41
41
41
41
48
49
41
6
22
25
20
9
9
9
8
8
47
48
32
32
24
24
24
41
12
12
37
47
47
32
32
32
28
13
45
45
45
45
9
20
20
20
43
43
46
46
46
46
46
3
45
45
45
12
12
1
38
38
42
20
20
31
49
11
11
11
45
45
26
26
12
12
12
50
50
38
40
40
40
40
6
19
34
13
13
16
16
45
45
45
22
29
29
29
8
8
8
10
10
48
21
49
49
48
48
28
47
47
47
30
30
30
30
27
27
27
27
27
26
26
26
26
36
34
48
31
23
