42
42
42
42
42
42
23
23
43
43
43
43
45
45
45
45
22
41
41
41
41
41
23
23
15
41
29
47
47
47
47
47
47
47
47
47
47
16
16
44
21
44
44
1
29
29
29
14
14
36
2
2
2
2
25
41
17
46
46
6
32
32
32
45
4
4
4
4
4
4
29
19
27
27
21
7
7
7
40
40
40
40
36
8
9
19
19
10
34
34
34
31
46
46
50
31
23
23
23
19
19
17
49
13
31
31
31
49
49
26
26
26
26
10
10
10
41
20
4
4
4
19
19
19
19
37
37
26
26
3
3
3
17
47
47
10
10
10
10
35
4
18
18
5
5
5
5
33
8
19
8
8
8
8
8
8
40
40
43
43
25
25
25
47
47
47
40
40
40
13
43
43
43
41
1
37
37
36
36
30
30
30
30
30
19
19
50
39
1
1
1
10
14
14
14
10
28
23
23
2
2
50
