46
30
18
16
16
34
34
22
22
39
39
39
34
34
32
32
32
32
32
12
43
43
43
40
40
40
40
40
40
40
25
15
12
8
8
8
8
32
32
50
35
35
40
40
20
34
30
32
32
5
40
33
50
50
50
50
13
47
38
38
38
44
44
48
48
48
15
15
31
31
28
28
28
28
30
20
17
47
21
21
21
21
40
14
14
14
43
43
43
43
50
27
8
8
38
31
31
2
2
2
6
43
30
20
41
11
13
13
47
3
3
3
3
3
28
17
28
28
13
40
3
3
41
46
46
37
37
38
42
31
31
47
47
47
47
47
47
2
2
50
34
34
34
34
46
2
23
33
33
4
4
43
16
9
9
9
9
9
9
9
9
28
28
45
46
46
46
46
46
44
44
2
2
2
5
5
5
5
5
5
5
5
19
8
8
8
17
17
17
37
42
11
47
14
14
28
28
28
28
28
40
40
