19
19
44
23
4
6
14
14
5
5
5
29
29
1
4
4
21
18
18
18
18
18
22
22
22
35
16
16
16
16
16
34
10
34
34
34
14
45
24
24
24
4
4
12
27
27
27
3
17
17
17
5
5
45
17
22
22
22
22
22
30
3
3
3
10
10
10
28
33
33
44
48
48
29
48
8
16
16
16
16
16
16
7
5
5
48
14
14
9
49
49
8
8
8
27
29
22
22
22
22
22
20
20
22
22
42
22
22
33
33
41
41
41
41
15
6
17
48
40
40
39
39
6
6
18
42
5
5
5
49
49
32
32
6
6
6
44
17
17
17
41
41
37
37
37
37
49
49
32
32
18
15
24
37
37
37
37
37
37
39
39
29
29
14
9
44
44
33
33
33
18
18
34
34
34
34
34
34
25
3
47
47
47
9
16
20
20
20
1
1
14
14
14
20
40
37
37
37
37
37
36
16
