14
24
24
24
24
24
36
36
36
43
41
41
41
41
41
10
10
27
10
10
11
49
49
3
40
40
38
13
19
19
19
19
19
19
31
31
38
38
38
38
44
44
44
44
34
34
34
4
4
4
4
26
5
12
12
12
38
38
38
38
38
14
7
7
26
26
38
38
38
38
21
21
21
49
32
32
32
32
32
46
46
46
46
46
45
44
44
47
28
28
9
9
9
9
10
21
5
5
9
4
4
5
31
31
31
31
31
31
35
20
11
11
10
10
10
10
10
22
40
8
8
24
40
40
40
26
11
20
15
5
5
5
5
1
15
15
47
47
12
31
30
30
42
47
47
47
15
15
15
18
40
44
27
30
12
6
6
6
44
21
40
40
49
10
10
37
25
13
14
16
16
16
41
41
49
49
49
49
49
49
49
49
49
7
7
27
45
45
45
45
45
45
45
45
45
31
31
31
31
31
31
31
