44
44
44
44
44
44
44
12
3
3
3
3
18
30
39
6
6
6
33
33
33
20
20
20
20
20
29
45
36
23
32
9
7
31
22
45
45
37
31
31
31
31
31
31
31
31
23
23
23
23
17
17
10
10
50
17
31
9
9
9
9
23
23
23
23
47
47
14
14
31
2
46
46
46
46
46
46
11
44
1
1
1
1
1
8
41
41
15
30
44
43
17
20
20
20
20
20
20
33
41
41
41
41
41
41
30
30
13
13
13
33
28
6
6
45
45
45
15
15
15
15
15
41
41
41
13
13
15
15
15
8
17
50
50
9
1
1
1
1
1
1
44
44
44
44
14
14
14
36
36
8
8
8
8
13
25
34
34
26
6
28
28
28
35
35
21
21
21
21
15
30
19
19
19
19
19
19
29
29
4
14
14
19
30
3
23
44
29
29
29
21
21
24
7
3
3
3
3
40
40
40
40
