43
43
20
20
20
13
13
11
35
35
49
49
49
10
21
21
21
21
4
4
4
27
8
37
37
30
30
9
9
9
6
6
6
23
27
27
27
16
34
34
25
25
25
25
25
1
37
37
37
37
37
21
21
21
25
25
25
41
41
37
42
42
42
42
38
40
40
40
40
31
31
31
31
9
8
50
28
21
48
48
48
20
20
16
16
16
41
20
20
20
20
20
21
48
48
43
34
15
15
15
24
24
33
40
14
35
35
35
35
35
35
28
3
3
15
15
40
40
40
30
30
47
47
47
36
38
14
23
23
36
36
36
36
36
49
39
8
19
4
5
33
47
47
48
24
24
22
43
5
49
49
49
49
49
49
21
17
18
8
8
27
27
27
27
18
18
30
13
36
22
22
22
25
25
25
19
7
20
1
22
14
19
31
5
5
41
41
41
41
31
1
6
6
3
3
42
42
21
21
38
38
8
