34
34
25
25
25
4
29
29
29
29
29
29
29
50
14
14
14
21
21
45
45
45
25
20
30
30
30
37
37
37
37
37
21
21
21
21
21
29
29
17
34
15
15
15
15
15
3
3
3
8
26
37
37
37
37
8
40
40
12
4
4
32
32
20
20
20
44
45
45
8
8
40
19
19
30
30
30
50
50
50
6
24
19
45
26
26
26
26
40
40
40
40
40
46
46
12
12
12
12
29
29
25
25
25
25
39
39
16
14
29
2
49
49
31
31
22
22
20
20
20
23
23
21
31
31
33
29
11
11
11
13
41
40
40
40
34
12
12
12
12
12
41
5
36
17
17
26
4
4
42
42
29
29
44
31
7
7
7
7
11
10
10
10
10
15
15
15
15
15
15
15
15
46
46
46
23
23
15
15
9
9
9
9
11
11
11
42
5
5
5
14
14
14
14
14
50
3
3
18
26
26
26
