2
2
2
42
19
19
33
37
2
3
20
20
28
34
34
28
30
20
20
4
4
10
10
2
2
2
2
2
2
2
11
32
9
28
22
11
13
13
40
50
29
29
29
1
1
35
35
35
35
35
24
2
35
35
35
45
45
45
42
37
37
37
30
19
19
48
23
23
23
42
28
16
16
28
28
31
31
31
31
13
13
5
5
5
48
30
29
39
39
39
39
39
36
36
36
41
31
31
31
7
2
32
32
18
15
6
6
9
9
9
26
26
26
30
17
21
21
43
43
2
36
36
13
13
29
3
3
16
11
11
11
1
1
39
39
37
37
17
17
17
17
17
17
17
17
17
42
42
42
42
12
47
47
47
38
9
33
33
26
14
14
14
34
34
34
42
42
42
42
35
35
37
34
34
31
31
41
41
34
34
34
49
7
41
9
13
13
47
47
47
47
47
16
16
47
34
34
15
29
29
29
29
