3
9
13
2
14
30
30
15
18
9
7
7
38
1
1
15
15
15
13
15
15
15
39
17
12
10
10
10
10
10
27
5
26
43
10
1
1
22
12
43
18
18
43
48
24
24
24
24
41
13
13
13
22
22
7
7
7
7
7
7
7
7
4
4
47
47
47
47
47
47
47
47
47
47
25
25
27
27
25
25
25
25
8
24
12
13
47
9
9
17
17
45
45
45
45
45
45
23
23
38
46
46
35
35
35
48
23
23
23
23
19
19
19
37
9
9
9
9
9
9
16
16
16
11
11
11
11
11
11
11
13
13
7
7
18
18
18
18
18
1
1
1
15
12
12
47
47
47
47
27
22
22
22
22
5
5
5
43
28
28
19
35
35
35
35
10
10
20
20
20
1
23
24
4
35
35
35
35
35
35
41
41
8
46
46
32
36
36
5
1
2
18
18
18
17
17
17
17
17
21
21
33
