9
2
2
20
20
20
34
13
13
13
13
13
13
15
15
3
21
11
29
50
34
25
25
42
42
15
30
30
49
49
49
49
49
21
21
1
18
18
42
38
29
12
12
12
12
50
50
50
43
43
4
4
36
36
36
11
37
37
37
37
37
9
19
28
28
27
22
22
42
31
31
31
31
31
16
16
16
16
22
19
27
43
27
34
34
34
34
9
9
9
15
15
15
15
3
3
3
3
25
25
25
11
9
9
9
12
43
6
6
6
6
6
6
6
1
1
49
2
2
10
10
38
38
50
44
44
44
44
43
16
25
37
26
48
48
3
22
22
35
45
21
13
13
39
39
45
45
45
24
29
10
10
10
33
9
9
4
4
13
13
13
24
24
39
39
39
22
22
22
22
22
22
44
44
44
1
1
1
1
29
29
41
41
41
41
48
48
48
48
48
48
48
48
48
17
8
3
3
21
22
22
9
