3
3
3
3
38
30
44
18
34
34
34
16
16
16
31
31
1
1
43
43
43
31
31
18
18
3
30
30
9
38
8
8
23
23
23
6
6
49
49
18
17
17
22
29
11
11
11
2
2
2
2
2
2
17
46
46
40
40
24
25
25
16
16
16
16
8
8
36
36
36
25
25
25
25
25
13
10
10
10
19
19
19
19
35
31
45
39
39
49
38
14
46
8
49
36
14
14
32
42
6
6
3
14
49
49
49
36
36
36
36
50
20
13
32
10
7
7
7
7
35
36
36
42
42
42
46
46
46
6
6
31
31
28
28
28
28
20
20
9
41
34
34
13
50
22
22
22
44
8
8
49
22
22
22
22
22
22
33
43
43
20
14
18
14
11
11
34
19
8
14
14
2
40
40
24
11
11
11
11
38
38
38
31
40
23
22
16
16
9
34
25
25
11
11
11
11
11
11
26
26
26
3
