11
11
49
1
32
32
8
43
42
42
42
1
17
20
20
20
28
46
4
18
18
25
32
25
25
39
40
46
46
46
46
18
18
18
40
27
27
20
45
45
5
2
12
6
1
1
1
1
1
1
20
20
5
5
5
48
27
27
26
49
49
47
47
35
48
48
48
48
48
41
41
41
20
31
31
43
43
8
19
6
6
36
21
21
7
7
7
26
46
8
33
44
44
41
17
23
23
6
6
25
24
24
24
24
26
26
23
23
23
23
23
17
17
17
15
37
37
37
37
43
45
45
37
37
12
12
39
28
19
19
19
19
19
19
19
15
49
27
27
27
23
1
30
30
30
37
37
37
25
25
48
19
19
23
23
23
35
35
35
37
10
16
17
17
17
31
45
45
47
47
11
32
32
32
32
32
32
32
2
2
24
40
13
20
50
50
8
8
6
22
5
5
5
5
5
5
5
10
11
11
24
12
