20
20
48
48
48
48
48
39
39
39
39
5
5
5
5
19
19
25
13
36
36
36
4
26
26
26
9
6
14
14
31
31
31
31
19
19
23
23
8
43
43
14
41
4
4
4
38
13
13
13
38
38
46
46
46
8
29
5
19
9
38
38
40
40
8
8
8
14
14
45
41
15
15
22
22
22
22
22
49
49
49
42
42
17
17
6
6
5
5
35
35
35
48
11
4
4
47
31
48
48
48
48
48
17
17
17
17
44
44
44
44
44
15
15
45
45
45
45
27
44
34
46
14
12
3
3
3
25
30
30
30
30
30
30
30
18
6
6
6
19
19
44
44
30
30
18
18
41
49
21
21
21
21
21
21
21
41
41
41
41
1
1
26
26
35
35
8
8
8
31
20
20
21
13
13
26
33
33
25
25
25
32
18
18
18
47
47
47
18
35
49
17
17
10
10
10
27
27
48
48
8
8
