47
47
37
37
7
17
10
37
37
22
22
22
45
45
45
45
45
45
46
46
46
46
46
31
31
31
36
36
36
36
16
16
20
48
47
33
15
4
16
50
50
50
33
16
16
16
47
47
47
25
35
35
35
35
40
40
41
41
41
41
41
41
35
31
31
31
3
3
3
3
3
3
3
3
3
3
44
44
44
21
1
26
26
28
37
37
25
13
13
13
7
19
19
9
9
9
9
20
21
19
32
32
41
3
3
3
5
49
11
11
27
10
2
2
2
27
27
27
31
48
48
48
48
26
26
26
26
26
40
24
49
16
16
10
27
27
27
27
4
4
44
44
24
8
22
29
28
25
42
42
42
46
4
9
9
50
50
50
13
13
13
13
13
21
21
2
29
11
38
50
29
2
2
46
29
44
44
47
47
47
14
14
16
16
16
32
34
44
44
44
40
10
10
6
15
23
23
27
2
2
2
2
