5
5
5
4
4
4
4
3
3
3
50
47
47
11
15
20
20
46
35
35
6
6
18
18
24
24
24
46
46
46
46
46
46
46
46
45
45
13
18
44
44
20
20
5
5
42
31
31
31
31
31
2
2
2
34
15
29
4
4
24
8
8
8
9
39
18
18
19
19
6
15
15
15
15
15
15
9
23
23
4
2
2
2
5
5
2
49
49
49
27
27
27
27
43
43
43
28
26
26
15
14
15
15
15
15
15
15
15
20
20
8
21
5
5
5
5
24
31
31
37
23
17
17
17
17
19
19
27
27
15
39
39
50
50
25
25
25
25
15
15
15
15
32
48
43
43
45
40
40
9
12
12
26
50
33
33
33
33
33
33
33
33
28
43
43
44
38
11
15
15
29
29
29
48
48
32
24
26
5
42
4
45
1
1
46
15
17
17
15
15
19
19
19
19
19
19
19
6
17
44
44
3
