17
17
17
17
17
36
30
30
30
30
37
37
24
28
26
50
33
33
33
33
7
7
7
13
44
44
19
19
1
1
1
1
42
42
2
2
2
49
5
50
36
36
36
49
20
23
23
4
4
10
10
10
32
32
6
6
10
10
10
10
10
24
4
4
4
4
19
15
15
9
9
9
46
46
46
46
46
29
10
10
10
5
24
24
5
5
34
16
19
19
23
19
19
36
36
18
12
31
4
4
23
43
43
43
43
2
2
2
2
2
50
34
29
8
8
8
8
2
40
40
46
23
23
21
21
47
21
21
21
50
50
50
50
50
50
28
26
11
48
48
48
39
43
43
31
6
6
40
8
8
8
8
8
8
23
5
5
41
30
3
23
39
8
8
48
48
42
25
42
11
11
11
32
32
27
34
20
14
24
24
5
17
17
17
43
42
2
2
38
34
13
13
13
13
28
29
3
27
15
15
15
15
