6
44
44
4
4
43
43
43
10
10
10
38
38
38
38
2
2
2
23
3
27
27
27
45
45
45
14
14
14
40
40
23
23
23
3
22
22
22
22
9
13
26
33
33
50
18
10
10
10
10
25
25
12
12
12
38
38
2
32
4
19
34
34
13
9
9
9
9
6
23
23
50
50
50
50
6
6
4
4
28
36
36
36
36
36
46
23
23
28
28
28
44
44
47
16
16
31
45
45
45
45
21
21
32
32
45
33
9
9
9
9
10
10
41
22
19
11
11
28
28
45
3
14
14
7
33
22
22
33
33
15
15
15
23
39
39
17
40
40
24
24
24
24
24
24
48
48
48
48
26
26
26
26
26
26
15
15
10
10
10
42
42
37
37
2
2
2
39
15
15
2
26
3
10
10
20
4
4
4
4
4
45
28
23
43
39
4
4
42
46
46
46
4
18
18
18
18
18
22
31
13
49
