16
42
29
17
17
17
19
49
36
37
25
25
25
25
11
11
11
30
30
16
6
6
48
38
38
17
17
22
48
8
43
43
43
43
6
31
31
33
28
28
17
17
36
36
43
43
43
43
43
43
38
50
50
44
44
8
41
17
5
17
17
2
48
48
48
40
40
40
40
40
19
2
2
34
34
34
34
26
21
27
14
16
23
25
5
5
5
20
18
47
16
28
28
14
35
35
35
35
48
21
21
37
40
40
41
41
8
11
20
9
9
9
9
9
9
37
39
44
37
37
35
35
12
12
14
43
48
19
19
19
34
11
11
11
11
23
5
5
50
50
28
28
28
36
4
4
5
5
42
42
42
49
16
7
7
7
7
23
37
2
49
45
45
23
28
26
26
47
33
33
16
16
16
16
16
16
12
45
45
45
19
32
1
1
30
30
30
8
2
2
2
2
23
23
6
2
2
13
13
26
39
9
