21
24
13
13
37
8
8
50
48
48
10
22
22
20
20
27
21
17
17
20
39
39
5
5
17
17
29
2
2
2
4
21
21
32
32
21
23
20
4
4
4
4
39
39
39
39
15
15
15
2
2
13
13
12
12
12
18
19
19
27
27
27
27
27
27
34
34
32
32
45
48
30
30
30
30
43
43
43
43
34
34
32
32
32
32
32
32
32
32
32
32
16
27
13
13
13
13
13
28
28
15
15
15
15
15
15
15
23
23
44
44
44
27
27
8
8
8
18
18
1
1
1
1
1
1
10
10
16
48
48
48
44
17
27
27
33
48
48
11
12
12
12
19
19
19
19
28
28
40
40
40
40
40
9
9
9
9
29
10
10
10
25
25
25
25
42
42
33
33
33
33
33
12
34
5
5
2
2
2
2
2
34
41
41
34
34
34
34
34
24
3
3
3
22
49
44
5
11
11
28
40
37
