10
10
17
17
36
36
13
13
13
13
13
20
34
31
31
31
31
31
31
31
31
31
33
33
33
45
4
1
44
44
15
24
24
17
11
28
28
28
3
16
41
42
42
42
42
32
32
32
47
12
24
29
3
3
17
2
2
13
6
14
14
5
5
5
36
50
35
35
35
29
29
29
29
29
36
36
37
18
18
49
8
8
13
44
44
44
44
44
44
44
44
44
22
22
14
35
22
22
22
22
22
27
27
42
1
1
1
1
1
1
16
31
31
20
4
4
31
31
11
17
17
49
49
38
38
34
34
34
34
14
14
9
9
9
9
9
9
48
15
44
44
44
44
18
18
14
35
35
35
35
35
35
4
45
41
38
3
12
45
16
16
16
33
33
33
9
31
7
7
7
38
36
36
43
43
43
50
29
32
32
32
29
37
37
37
31
31
50
46
19
12
12
12
12
12
12
12
4
4
4
4
4
