48
48
7
36
36
1
1
1
1
1
34
34
27
27
27
42
35
32
6
26
20
20
20
15
13
30
43
43
43
50
50
50
50
23
23
30
7
7
2
34
34
34
34
14
30
1
1
1
43
27
26
27
27
2
25
27
17
24
24
34
34
50
9
7
7
1
2
2
2
2
45
17
17
33
33
33
42
34
50
50
45
45
45
45
44
44
10
49
28
28
46
46
46
33
33
33
33
33
30
7
7
7
37
35
27
20
43
43
29
29
8
19
50
50
44
26
19
12
12
40
45
48
48
18
18
18
50
39
48
48
48
48
31
49
10
28
43
23
45
45
45
45
45
45
45
37
37
12
12
12
11
11
2
32
32
43
21
21
21
21
8
40
40
36
36
36
36
36
44
44
44
15
15
15
15
15
15
15
15
27
27
8
8
8
3
3
11
11
11
11
11
29
29
29
29
29
20
20
20
20
20
50
