46
46
7
25
25
25
18
18
18
18
47
49
6
6
6
6
6
35
21
42
23
23
8
8
8
8
8
18
27
27
40
23
23
5
17
17
17
17
17
41
41
47
47
37
18
18
18
10
33
33
42
31
37
37
15
33
33
33
33
33
33
8
8
46
49
9
9
9
9
9
12
42
33
33
33
33
32
32
32
46
28
28
5
38
20
20
20
20
39
39
39
34
34
11
11
11
49
3
7
31
32
32
28
46
46
8
8
8
18
27
27
27
27
27
27
27
46
7
4
4
4
42
42
42
24
24
15
39
39
39
34
34
12
15
15
15
15
20
48
30
30
19
20
20
20
40
27
27
15
15
15
10
18
8
8
43
43
31
31
35
45
40
6
6
6
1
1
1
18
21
21
21
21
41
9
9
16
16
16
3
15
15
15
34
11
4
12
20
2
2
41
41
41
17
17
28
28
28
15
15
19
19
