34
25
41
6
6
6
6
10
10
34
34
39
50
50
9
49
14
15
15
16
50
50
45
27
27
47
47
47
29
12
12
12
22
22
45
45
32
32
32
32
32
32
32
1
27
15
15
12
5
45
9
9
9
16
16
16
44
44
44
36
36
5
5
5
15
15
15
21
44
44
44
28
3
3
15
15
15
15
26
26
35
35
31
25
49
49
49
35
23
23
23
23
23
23
23
29
29
29
29
29
16
16
16
37
37
27
27
27
27
32
44
9
19
19
19
19
18
32
37
37
37
37
14
36
21
26
38
38
38
45
45
45
13
41
41
42
20
20
13
13
3
3
3
3
14
14
5
5
21
6
7
7
6
6
6
6
47
19
14
38
38
27
27
49
16
32
41
41
35
26
21
21
6
6
40
40
20
49
49
49
49
49
49
49
5
5
5
5
5
5
8
8
8
8
8
8
8
8
8
8
8
8
