8
34
10
10
23
20
25
13
13
4
21
21
21
21
42
42
42
42
1
40
12
34
6
6
25
30
38
38
40
40
44
44
44
44
44
44
1
30
30
4
48
48
8
43
31
31
31
22
22
22
22
22
25
25
34
34
34
37
37
37
37
41
41
9
9
41
41
29
10
10
10
10
10
1
1
18
18
18
20
20
20
20
20
20
20
12
12
12
12
12
12
12
16
16
46
6
6
34
28
28
9
9
19
19
19
40
40
40
37
37
37
38
35
5
5
5
5
13
13
49
49
31
31
44
1
19
19
1
12
43
27
27
2
2
44
38
38
42
2
14
14
14
14
5
5
28
42
42
12
22
22
22
22
40
35
35
35
35
35
44
44
5
22
22
26
31
31
31
19
13
13
13
13
13
13
13
13
9
9
27
27
27
25
38
38
38
38
38
38
38
38
37
15
15
50
50
50
50
18
18
21
16
