1
27
48
48
18
18
18
18
18
11
5
5
5
42
47
24
24
8
49
49
49
17
24
34
34
34
34
43
43
43
33
3
3
8
12
44
31
33
18
45
45
45
45
45
35
35
8
8
8
8
49
39
39
14
24
24
16
16
4
42
42
26
14
14
7
7
7
16
16
43
43
43
33
33
22
40
28
14
14
20
50
23
43
43
43
43
6
6
41
26
27
27
27
27
40
40
40
40
40
40
6
6
12
17
17
17
17
17
2
5
5
5
8
8
12
12
27
17
8
40
40
40
1
40
40
40
40
40
40
29
29
29
16
17
16
16
16
16
16
33
42
31
45
45
45
45
30
23
3
7
7
7
28
18
14
14
35
35
1
21
21
37
37
37
37
37
37
35
35
41
41
26
26
39
10
18
30
30
30
30
20
20
20
20
2
43
43
14
21
24
10
37
37
37
37
37
38
38
14
50
50
50
