7
7
7
7
7
44
33
21
14
14
41
41
28
28
28
28
2
20
20
8
3
3
3
47
47
8
5
1
31
31
29
32
45
2
2
2
2
49
49
48
45
46
46
46
46
43
43
15
22
22
47
8
8
8
8
23
23
19
19
14
11
11
48
10
10
10
19
19
41
28
45
50
47
47
41
41
41
40
40
24
24
9
40
40
40
48
49
36
36
36
4
49
45
4
1
19
19
45
15
15
6
3
42
41
41
43
43
15
35
47
47
47
47
39
43
43
43
2
4
26
26
24
15
15
17
19
19
47
47
29
29
29
35
13
5
5
5
5
46
37
37
37
6
6
1
33
11
31
13
13
20
20
20
38
17
35
35
2
2
2
2
2
2
37
37
37
37
4
20
43
32
32
5
5
5
44
44
44
44
44
44
44
26
30
30
29
29
29
29
29
29
10
50
50
50
46
49
35
35
35
40
40
