11
8
8
8
8
8
10
10
10
37
37
37
37
37
37
37
17
42
45
45
45
45
45
45
45
45
45
50
50
50
3
14
47
47
47
47
33
33
35
35
35
35
35
35
15
15
15
15
9
5
5
28
28
23
18
12
22
22
22
9
18
39
24
33
33
21
21
49
20
20
20
4
44
40
40
40
41
41
18
23
23
23
23
33
22
24
24
26
26
39
48
48
48
15
15
15
28
19
6
10
26
4
4
46
46
46
46
46
38
3
3
3
47
12
12
38
38
6
1
42
40
48
48
48
48
48
47
47
7
35
35
2
7
38
33
34
34
25
31
13
13
13
13
13
13
17
39
39
39
39
39
39
39
21
21
18
25
43
18
18
18
18
18
18
2
12
12
6
27
14
14
46
36
36
36
36
32
2
2
2
2
2
2
32
8
23
41
41
23
23
10
10
10
10
10
42
42
42
42
30
30
30
