38
38
40
49
49
49
49
50
50
25
25
14
14
18
18
1
27
27
40
4
35
35
35
35
47
47
41
10
10
10
10
10
47
8
15
43
10
10
20
20
20
26
29
14
14
14
14
22
25
25
25
27
27
18
19
39
39
42
50
50
50
41
30
30
20
24
24
24
16
36
36
16
16
16
2
16
16
16
16
16
34
16
16
30
30
30
17
1
36
36
5
44
42
41
35
21
39
39
39
19
19
11
3
50
50
36
47
14
14
14
44
44
44
32
32
15
41
41
12
27
27
49
49
32
32
42
10
7
25
25
46
46
25
4
4
32
32
32
50
28
29
29
29
29
35
46
46
46
9
47
27
34
34
49
49
49
49
35
17
17
17
17
17
22
22
40
38
32
32
50
30
16
16
16
26
3
3
3
24
24
46
17
43
43
43
47
47
47
47
47
47
47
37
37
37
37
35
44
44
17
8
44
