41
41
41
41
41
45
45
45
17
9
27
38
38
38
38
7
36
45
45
45
45
45
14
14
32
32
32
32
32
32
32
32
43
43
43
43
43
43
41
37
42
19
11
11
11
11
11
22
3
1
1
1
1
46
46
46
34
3
3
3
3
3
3
6
6
16
16
24
24
24
46
46
36
1
1
1
1
1
27
27
5
47
47
47
47
25
44
22
41
12
12
27
31
31
31
31
31
34
41
41
41
9
19
19
19
19
19
48
48
48
48
48
19
19
26
17
17
17
17
5
5
5
12
15
15
15
15
3
3
35
20
2
37
42
4
4
1
1
20
20
1
1
1
1
1
36
36
14
14
31
1
25
22
22
22
22
22
22
23
24
47
43
27
27
27
27
50
22
22
32
32
46
46
22
42
42
42
25
25
25
25
30
25
25
27
27
4
4
4
32
33
32
15
15
28
28
28
28
28
28
42
42
