8
8
8
8
8
8
8
8
13
13
13
22
22
22
50
50
50
19
21
47
44
40
40
40
40
48
48
6
15
46
18
18
18
18
18
18
18
18
18
44
14
14
14
36
23
2
30
30
30
30
14
2
2
1
2
2
2
16
48
12
30
30
2
13
13
20
31
31
26
50
50
20
20
35
41
5
46
46
36
47
37
37
37
37
43
43
43
43
43
22
22
22
22
28
28
41
1
1
1
18
18
18
18
14
14
32
47
47
47
6
6
23
23
47
35
32
32
32
32
5
5
5
5
5
5
35
20
39
16
16
12
12
14
14
36
3
3
3
3
14
14
14
14
14
34
50
18
18
2
2
40
40
13
48
48
48
48
46
46
28
28
35
22
22
22
21
50
50
50
50
42
42
42
15
43
40
13
13
13
13
13
13
13
25
38
38
38
38
22
18
18
30
13
37
6
15
15
26
26
5
8
11
