7
7
12
20
20
20
27
48
48
48
48
19
19
46
46
30
36
36
50
2
2
26
11
42
13
50
33
33
33
33
33
15
20
46
46
46
46
46
46
4
4
34
42
42
10
10
39
39
26
26
26
26
1
24
24
24
24
24
38
1
45
45
19
20
22
22
22
22
34
34
38
9
9
37
6
6
35
33
45
14
49
49
49
49
10
10
10
10
10
44
43
43
6
37
37
37
33
35
35
12
42
42
42
28
28
41
47
47
47
47
47
47
47
13
35
4
4
30
30
29
39
39
36
36
36
36
36
36
36
36
36
16
16
16
11
34
34
43
44
44
36
36
7
7
27
13
45
8
8
8
8
8
8
8
8
8
8
8
8
27
27
33
10
9
27
27
31
24
5
45
45
45
38
38
50
21
21
21
13
13
3
3
16
31
36
22
22
34
23
23
23
17
17
34
34
3
3
3
3
3
3
3
