26
26
26
37
37
33
32
32
36
20
6
6
46
21
39
39
39
3
3
34
34
12
28
31
31
42
27
27
43
43
42
42
19
19
19
7
43
26
8
21
21
21
21
16
46
5
5
47
47
35
33
33
23
41
41
41
2
14
6
6
6
5
5
5
5
5
5
5
5
5
11
11
47
47
50
50
31
49
17
17
4
44
44
40
32
32
11
11
3
29
39
25
25
16
9
9
45
12
12
7
37
36
36
25
7
20
20
39
39
8
8
49
49
49
1
30
30
30
30
13
13
13
13
6
10
10
32
32
6
6
6
6
41
41
33
33
18
18
18
25
22
32
32
40
40
40
40
40
40
40
26
26
26
20
12
12
12
12
49
25
25
4
4
34
46
46
5
11
23
34
34
34
34
5
36
16
16
26
12
11
46
46
46
33
33
33
33
3
3
50
50
50
31
31
31
31
31
41
32
32
33
33
