10
10
40
40
40
12
1
1
10
26
32
32
32
19
3
3
3
36
36
36
36
36
36
36
36
36
36
36
49
49
49
6
34
14
14
14
25
25
25
25
35
35
35
35
36
36
4
30
30
30
43
16
16
23
36
36
36
22
30
28
6
6
36
35
16
16
39
13
31
32
32
32
32
20
12
12
27
29
42
10
10
50
50
31
20
20
20
20
43
2
2
2
2
19
40
46
6
6
6
6
6
6
6
39
23
23
50
50
24
24
24
24
22
22
22
22
29
29
29
29
29
29
29
49
9
2
10
41
4
4
24
24
12
28
16
16
16
21
16
7
7
7
19
30
30
30
30
30
44
4
4
11
36
36
36
36
36
36
25
11
11
49
15
15
50
50
50
12
6
9
20
20
20
20
20
14
33
1
1
30
5
5
5
40
27
27
36
39
29
13
13
24
24
35
23
41
1
41
11
11
11
11
