29
29
50
50
9
9
9
9
31
31
27
19
48
48
48
48
28
23
33
24
30
2
13
2
2
40
3
3
36
36
36
36
9
43
40
40
22
22
11
11
11
11
4
32
23
23
48
48
45
24
43
43
39
46
46
46
46
3
3
8
19
41
34
4
4
4
29
29
34
34
19
19
40
40
40
40
34
34
34
34
34
34
34
34
34
20
20
20
43
43
44
37
37
37
37
37
42
15
15
20
36
7
7
19
19
19
32
32
32
25
42
30
30
30
30
30
15
22
22
22
22
20
10
11
42
5
5
5
20
40
40
46
10
10
10
10
10
10
10
46
46
35
6
18
18
36
36
36
25
25
3
3
3
3
3
3
3
32
50
50
50
50
50
50
26
2
2
34
34
47
47
17
17
34
30
30
41
41
41
41
41
41
41
40
40
40
34
34
37
37
16
16
44
44
43
43
34
41
41
35
35
14
