32
32
3
3
27
36
14
46
46
46
17
17
17
17
17
17
28
28
11
26
26
26
26
27
32
44
44
25
25
25
25
5
48
37
3
24
24
10
10
10
10
30
30
17
17
17
17
2
15
38
17
1
16
9
14
14
14
1
1
9
36
36
1
1
1
47
8
6
6
44
21
26
19
41
44
33
33
43
19
19
11
50
50
45
45
20
12
38
38
38
27
27
27
50
38
38
38
28
28
28
9
29
45
45
37
37
34
34
35
24
12
50
41
32
23
23
23
23
23
23
6
6
6
6
25
25
25
26
26
26
4
9
31
31
31
31
31
31
31
4
46
46
37
35
35
35
49
41
41
30
30
30
30
30
16
17
18
18
18
18
3
38
38
38
27
4
4
4
4
46
46
46
46
6
6
13
13
13
13
13
13
13
13
20
20
20
20
31
48
10
31
31
31
31
31
31
41
41
41
41
41
23
