9
9
9
9
3
26
26
14
14
14
50
50
50
22
22
25
25
6
6
6
6
6
38
38
38
38
38
38
12
8
38
38
38
38
45
45
20
20
20
20
20
22
40
40
19
39
39
39
6
6
6
9
9
15
15
15
15
13
37
11
13
13
48
48
48
48
48
15
19
19
19
19
19
31
31
18
18
17
5
5
5
20
35
50
7
10
10
48
48
35
7
33
50
1
1
1
1
34
5
5
1
1
38
38
38
38
38
25
12
12
12
12
22
22
22
33
26
48
48
24
30
23
23
23
37
46
15
15
35
30
45
45
45
50
3
3
35
35
35
35
35
8
38
21
21
22
46
22
22
49
23
49
42
42
24
46
45
45
45
46
5
5
13
13
13
44
28
28
28
28
46
21
21
44
31
49
45
42
23
23
23
23
23
23
47
47
13
13
19
42
45
24
24
8
47
47
22
1
1
47
47
47
