48
19
19
19
46
7
7
49
49
12
12
12
40
40
20
20
20
29
29
8
8
8
8
14
11
11
11
44
15
15
29
29
18
18
35
35
35
42
11
49
49
49
49
49
35
18
43
43
43
43
35
35
35
25
8
8
8
26
41
8
45
45
15
45
23
19
19
19
19
26
26
22
49
18
18
18
5
12
32
32
32
32
29
29
29
29
16
45
42
42
42
13
11
11
20
48
48
48
36
33
46
22
17
17
17
22
22
22
1
1
1
1
20
20
20
27
32
42
42
42
17
17
17
17
15
15
15
15
15
47
14
14
48
14
30
30
32
32
32
32
9
23
30
16
45
45
45
48
26
26
26
26
17
17
17
8
8
21
9
9
34
32
32
31
7
7
7
32
6
6
13
49
49
18
18
7
44
44
43
30
40
28
28
21
21
11
11
11
11
48
36
20
47
11
11
34
41
26
17
26
26
9
