29
29
29
33
33
45
14
32
46
46
41
21
30
37
8
8
8
8
8
39
25
17
17
4
4
4
4
4
4
4
4
4
4
4
49
41
43
43
22
32
43
12
10
17
17
17
2
30
30
30
6
11
1
1
1
1
47
47
49
30
30
30
30
40
40
40
40
45
45
50
50
10
26
26
26
18
43
43
42
10
41
41
41
41
41
47
47
10
21
21
29
13
37
37
37
37
37
37
37
10
49
49
49
49
5
5
27
38
32
7
35
35
27
27
27
27
27
27
27
27
27
27
9
9
18
25
25
25
25
33
14
14
14
14
12
35
38
38
1
1
14
14
14
14
14
4
32
32
30
26
26
18
20
50
50
7
7
7
6
6
6
47
47
16
16
16
16
29
29
29
47
24
24
24
24
24
40
40
40
40
6
6
6
6
31
31
15
15
15
48
48
33
33
33
8
9
9
9
23
23
35
16
