50
50
50
27
4
4
4
45
45
35
35
50
30
30
30
30
18
23
23
23
23
13
13
4
12
8
9
9
43
43
43
21
21
35
45
45
45
36
37
2
47
47
47
48
50
26
26
17
17
17
17
8
8
18
18
18
8
8
8
9
16
16
16
16
16
16
20
26
26
26
26
26
26
26
26
26
41
3
3
45
45
45
47
24
50
48
23
23
35
40
40
40
40
1
1
1
43
29
29
29
34
34
34
34
45
45
45
45
45
45
32
50
11
11
8
8
8
8
8
21
6
21
21
7
7
7
7
23
29
29
29
29
29
47
47
40
2
44
26
42
42
42
34
34
34
34
34
34
32
32
32
36
26
26
2
3
44
31
31
31
31
30
43
43
43
43
3
15
38
38
13
13
26
26
6
6
26
26
26
26
26
25
25
42
22
22
22
22
22
22
33
14
14
4
4
4
44
39
39
39
39
39
