44
44
19
19
11
34
24
24
24
50
42
3
25
47
47
47
47
27
27
26
26
26
16
16
1
1
1
35
35
35
21
30
43
44
30
8
8
10
8
8
8
49
23
43
43
43
48
25
11
11
11
11
11
1
24
29
25
25
25
25
4
19
19
25
25
25
25
35
41
43
46
38
38
38
38
28
5
5
5
5
50
43
28
13
13
13
19
18
43
1
49
50
50
50
50
4
4
38
38
38
38
32
2
2
2
39
39
15
27
35
35
39
34
42
42
42
37
37
37
37
38
46
41
34
34
34
34
42
4
33
33
30
30
30
30
30
30
40
40
18
18
18
41
48
48
48
13
24
22
33
40
40
40
40
24
12
1
1
1
1
1
46
46
46
39
50
50
4
13
25
37
37
37
45
45
44
15
31
31
31
31
6
6
23
18
45
45
45
36
28
27
42
9
14
14
26
34
17
17
37
37
48
