13
41
41
35
35
35
35
48
48
48
48
2
49
49
18
41
41
45
13
26
37
37
37
2
10
6
6
6
13
2
2
2
22
22
26
37
30
26
26
46
46
45
45
45
45
2
2
37
37
18
42
42
42
42
49
49
49
49
49
10
10
48
37
37
37
35
22
22
42
42
30
30
30
49
49
37
37
37
13
41
35
2
2
2
2
2
2
2
46
46
41
13
13
46
46
46
18
2
2
42
46
22
6
2
22
6
22
22
35
35
35
49
41
45
13
26
26
13
37
37
49
45
45
10
6
30
49
49
49
46
46
46
46
46
6
35
48
6
6
6
6
6
6
6
6
46
46
6
6
6
46
10
46
6
6
41
30
49
49
49
46
26
26
26
35
35
35
35
26
35
35
35
45
49
49
49
49
2
35
35
13
13
46
46
30
26
37
41
41
41
2
48
48
48
41
37
37
37
45
30
30
35
