44
19
27
27
27
27
2
10
20
50
50
39
14
18
4
35
9
13
13
29
47
30
30
26
26
50
36
36
36
36
36
36
15
48
48
2
33
3
3
37
37
31
36
11
39
39
39
42
42
42
15
12
12
3
3
41
17
17
23
21
21
5
20
41
1
1
12
11
43
43
43
43
44
9
30
30
30
26
26
26
37
9
23
23
18
8
8
17
17
17
17
2
27
11
11
11
18
35
42
22
15
15
23
23
19
19
14
14
14
31
40
30
24
24
24
38
38
38
38
50
50
50
43
34
34
30
30
30
8
8
47
47
47
47
47
17
14
22
30
5
5
10
27
10
2
2
2
48
5
5
5
42
12
23
23
36
36
32
39
17
17
17
15
15
19
19
31
31
31
31
31
31
31
8
15
15
15
6
34
33
33
40
9
9
25
41
45
45
4
4
4
48
48
14
14
14
10
48
48
48
48
48
