39
39
39
41
49
49
49
49
49
49
6
6
49
42
42
13
13
13
48
48
26
26
30
18
48
37
1
1
41
41
42
42
42
42
1
1
49
18
18
42
36
35
45
18
2
7
7
17
1
1
42
1
17
17
37
18
11
11
11
11
11
36
36
33
33
33
33
33
37
11
39
39
46
46
46
48
7
7
7
7
7
7
33
33
7
7
6
41
41
41
45
45
33
6
6
6
36
49
49
14
37
37
37
7
7
44
13
13
45
45
45
45
45
45
48
48
48
37
37
28
28
28
28
28
28
28
41
35
35
24
11
44
11
41
14
33
33
33
2
6
11
48
48
48
44
44
44
44
44
6
7
7
18
18
18
18
18
18
18
18
18
18
18
18
18
18
24
10
6
48
18
18
36
11
11
35
35
35
46
46
46
46
22
22
22
48
7
6
36
24
2
18
22
30
30
2
39
39
13
13
30
39
