37
36
36
6
15
48
48
48
43
30
24
39
20
20
20
33
29
50
8
2
40
40
40
32
32
44
50
50
50
50
50
2
2
2
2
44
4
11
34
34
34
34
39
45
45
14
12
14
22
34
34
34
34
37
37
44
18
18
24
24
9
9
3
3
9
26
4
4
46
29
29
29
29
46
46
46
1
1
1
35
45
45
45
49
1
1
1
4
17
32
46
46
46
5
41
41
41
41
21
35
35
35
3
49
49
49
22
22
24
46
46
43
2
17
44
14
33
33
33
26
35
25
25
25
25
42
18
18
18
18
49
17
31
31
31
31
17
50
41
41
44
44
31
24
24
24
24
15
15
21
21
19
25
11
24
10
10
7
7
29
29
25
9
9
9
9
4
33
8
8
42
42
30
30
30
30
34
34
29
29
46
46
46
46
46
25
1
22
15
15
43
43
43
12
16
42
50
50
23
38
6
6
