36
36
10
10
10
10
11
38
38
43
46
46
27
27
33
33
49
18
26
48
48
42
36
23
22
22
15
15
15
15
5
5
5
5
11
11
4
4
44
44
1
1
1
1
1
1
1
23
23
7
7
7
7
27
33
9
25
31
31
31
12
12
12
32
32
32
32
32
32
32
32
4
30
31
31
31
31
2
30
30
5
5
47
36
36
36
23
26
48
48
24
24
35
11
11
11
11
11
45
45
20
20
38
38
8
43
38
9
9
9
9
9
30
3
12
12
12
43
43
43
43
13
13
13
13
8
41
45
45
1
26
30
30
14
14
14
14
35
35
35
6
6
6
6
22
22
22
22
22
50
1
15
15
9
9
9
14
27
20
20
42
5
5
2
6
44
14
14
2
2
2
2
25
25
42
42
8
8
8
36
36
15
10
10
10
10
50
9
9
7
23
34
34
34
30
12
12
8
8
19
19
19
