29
29
29
45
45
32
32
40
40
40
15
1
1
1
22
15
15
24
24
24
24
24
24
24
24
24
4
7
26
45
45
45
7
7
7
7
7
10
10
5
37
24
12
15
12
36
42
42
42
40
20
19
19
15
15
47
47
12
36
44
44
44
37
31
31
31
2
2
2
50
12
12
27
29
50
50
23
23
23
23
23
44
44
31
31
17
47
47
47
1
31
31
25
25
19
30
30
24
24
30
30
30
24
32
32
24
24
45
45
50
14
14
37
45
7
7
23
7
7
7
7
7
7
7
7
7
3
3
3
34
44
44
44
44
4
4
4
4
4
37
37
37
37
37
37
37
37
37
37
37
37
37
25
25
25
3
38
38
50
50
28
7
10
10
37
15
23
23
23
34
34
12
12
23
16
4
10
3
3
26
22
41
19
3
3
3
9
9
11
11
13
13
10
10
37
37
37
37
29
6
6
6
