24
24
24
7
7
40
39
2
16
16
16
44
27
27
36
36
36
36
36
34
34
34
34
34
49
7
7
15
43
43
31
38
38
9
9
47
24
17
33
27
27
27
36
36
36
27
27
10
33
33
48
48
48
48
48
33
12
12
17
17
8
8
8
8
8
3
48
48
6
47
47
31
50
30
30
34
34
34
34
34
44
21
49
11
24
24
24
24
32
32
5
5
16
4
4
22
32
32
49
49
11
11
27
43
17
17
25
18
8
20
20
20
3
16
40
23
23
23
23
14
14
14
21
39
39
39
39
33
33
8
8
10
10
33
33
33
3
7
50
50
50
27
7
30
30
20
20
20
20
7
7
7
7
19
18
18
30
20
14
29
38
38
17
37
37
39
9
4
7
7
48
48
48
48
48
13
3
18
5
5
5
41
41
41
41
28
28
28
46
3
46
46
46
46
39
39
40
47
11
11
13
20
