8
33
33
33
33
33
33
33
29
29
29
22
15
7
7
10
10
10
10
10
10
10
10
10
10
10
43
43
43
42
11
11
11
11
38
41
16
16
17
37
37
37
46
46
33
33
33
35
35
35
35
35
35
28
28
28
5
5
5
5
5
5
7
7
37
37
37
9
43
1
49
49
21
21
21
21
21
34
34
34
44
44
16
16
36
36
22
22
15
15
1
1
50
50
50
50
50
50
28
35
35
43
10
2
2
2
2
2
2
46
46
46
35
35
17
4
12
12
12
12
49
49
3
3
3
3
48
48
35
26
26
26
26
28
11
35
38
38
38
18
31
31
32
32
32
34
49
49
38
4
4
9
15
38
38
4
4
23
49
22
22
46
4
4
26
26
17
17
17
17
17
3
3
40
12
12
15
21
34
34
34
37
37
37
37
37
30
6
6
45
45
47
30
30
8
13
50
34
11
11
11
11
