17
17
5
5
27
27
20
18
18
28
13
11
36
40
40
40
40
40
42
42
14
28
40
40
40
40
40
28
28
39
23
24
24
13
13
13
32
32
15
15
15
49
49
46
41
45
29
4
4
4
35
12
1
31
31
12
12
12
28
28
28
28
18
4
4
35
24
46
46
47
31
25
13
2
2
8
22
22
20
15
43
43
45
45
32
32
14
1
1
1
38
38
38
28
28
15
15
31
41
41
41
29
48
24
5
5
5
39
39
30
30
35
35
13
13
13
13
13
13
39
36
36
49
49
49
20
20
20
20
20
20
20
18
44
44
44
19
19
19
19
19
44
44
44
28
28
13
13
3
3
49
2
2
13
2
2
2
31
41
10
10
34
34
31
31
2
2
14
14
11
11
46
13
13
13
31
44
44
44
10
10
10
10
10
10
10
33
8
50
50
17
17
17
49
23
23
42
42
42
45
27
27
