23
23
31
48
32
21
3
11
8
8
8
8
47
47
46
49
49
49
9
36
14
14
36
36
36
36
36
32
32
32
44
44
44
44
44
37
11
43
24
24
24
4
4
4
4
14
17
22
21
21
21
46
46
43
43
43
29
43
28
46
28
28
28
28
28
28
42
42
42
48
49
34
34
49
38
38
38
38
38
9
9
1
28
48
29
29
29
42
47
21
14
45
19
19
19
42
32
18
45
45
45
45
45
22
22
48
48
8
29
29
12
11
11
11
11
11
11
43
25
25
25
25
25
10
10
48
48
2
1
34
34
34
34
31
22
22
22
22
37
25
34
34
34
34
34
29
29
18
18
18
18
27
23
27
33
43
43
30
30
30
30
47
28
28
28
35
35
35
35
4
10
10
27
27
27
18
18
29
19
19
31
36
42
42
42
4
4
14
14
49
7
7
30
30
30
32
8
8
45
48
26
26
