17
17
1
1
1
36
36
2
38
38
40
40
40
1
37
37
37
1
45
45
45
45
19
15
15
50
27
27
2
26
26
42
42
6
31
31
31
11
11
35
6
5
35
35
23
23
41
41
41
19
44
44
45
43
10
48
29
29
29
29
29
29
43
30
30
30
13
13
13
26
39
39
39
39
39
39
39
39
35
35
35
35
30
24
7
7
31
19
38
38
22
22
22
16
16
16
16
27
27
22
22
22
22
22
33
33
33
33
33
34
34
34
34
8
24
30
48
23
23
23
23
36
11
11
20
20
43
6
6
42
15
24
24
24
43
16
6
6
9
15
12
12
12
12
16
31
31
31
37
13
13
10
10
10
34
34
34
34
34
34
42
30
30
48
22
18
16
16
16
16
16
16
16
15
24
24
24
28
26
26
49
49
49
49
49
7
48
2
15
15
15
18
9
50
50
31
31
31
24
48
42
6
