13
29
45
23
37
11
11
18
12
19
30
30
14
17
17
17
17
43
10
40
40
4
4
5
5
9
30
30
30
30
30
30
42
42
42
19
19
19
19
19
19
19
35
35
10
39
39
39
39
39
4
3
12
12
46
7
5
5
20
20
23
15
15
14
30
19
19
12
12
43
43
50
50
50
50
32
32
25
25
46
46
46
46
46
46
17
17
17
17
27
27
3
3
3
3
3
3
3
3
3
3
44
34
34
7
46
24
26
26
27
27
27
43
43
21
21
9
9
16
6
6
6
34
36
32
10
10
31
31
31
3
3
48
46
44
21
21
21
21
21
21
27
13
13
13
13
13
13
35
20
6
3
9
9
9
7
20
24
43
31
31
7
41
12
44
2
49
44
44
44
9
28
4
4
18
18
18
9
9
9
20
47
47
47
8
25
25
25
28
29
29
29
29
29
29
1
1
32
32
32
41
41
