47
42
45
45
45
45
45
16
23
15
15
15
15
15
34
34
34
35
35
35
17
29
29
43
43
43
43
43
9
9
12
12
12
4
4
9
9
40
40
40
22
9
14
14
14
29
50
34
34
34
34
9
9
15
15
15
50
50
50
50
50
50
15
30
26
26
26
26
26
26
26
26
16
27
3
6
17
17
29
30
30
3
22
46
33
33
21
31
15
15
30
8
8
8
8
8
8
8
8
8
48
48
20
43
34
46
46
27
17
45
45
46
13
24
26
33
21
22
22
22
45
34
30
30
30
28
10
3
5
5
5
5
5
5
5
26
46
36
36
16
16
22
22
22
22
22
22
22
22
22
34
34
34
34
34
34
34
34
34
47
23
33
33
21
21
21
15
5
5
27
27
27
27
27
42
45
45
12
36
29
29
30
8
29
29
29
29
29
16
16
16
26
26
11
11
11
44
44
44
44
44
33
