28
28
37
37
37
37
37
37
37
44
26
26
26
44
9
38
50
26
20
20
33
33
17
7
43
43
43
39
39
47
19
19
28
43
11
23
23
23
28
28
2
2
15
15
15
15
15
37
12
21
21
21
19
17
17
17
29
29
32
32
32
47
47
31
31
38
24
24
23
23
23
23
3
38
38
38
38
38
2
45
45
31
31
37
10
18
18
41
16
16
16
11
43
43
35
1
1
1
1
1
29
42
42
12
12
18
23
23
23
23
23
38
38
38
38
11
31
20
20
31
26
26
43
15
15
15
15
12
12
47
31
31
12
2
2
12
12
12
21
14
43
43
43
25
25
42
29
29
29
10
25
25
25
16
15
31
24
24
4
28
22
22
31
31
31
31
48
42
2
23
23
23
48
48
1
1
12
12
50
50
4
4
50
32
7
7
7
3
3
3
3
3
25
15
15
43
4
4
31
31
19
36
