32
22
21
50
50
40
29
2
30
30
21
21
37
10
10
10
10
10
15
44
10
41
29
36
49
41
40
31
31
31
10
10
10
14
9
2
15
22
38
49
49
12
12
32
32
39
39
39
36
27
27
3
1
48
30
30
30
30
30
31
20
46
46
46
46
46
7
47
43
43
43
16
4
4
4
4
4
48
3
18
28
50
50
30
12
10
10
10
2
38
38
3
3
29
29
29
47
20
44
41
41
36
36
36
36
36
20
41
17
16
40
20
35
20
20
20
20
20
33
11
50
28
28
43
43
43
33
33
33
33
33
33
50
50
50
50
47
47
37
19
6
6
4
19
36
36
35
24
25
25
38
38
38
6
6
50
10
8
26
26
26
26
26
49
25
46
46
16
49
49
31
31
31
35
35
35
35
42
42
25
30
14
14
29
49
49
49
10
10
25
25
25
25
14
14
13
13
13
26
26
16
16
