30
30
30
30
40
19
43
43
43
43
37
22
25
25
14
14
30
23
23
23
23
4
4
13
6
12
32
37
26
16
16
16
28
28
28
28
12
12
12
12
12
12
29
29
49
39
39
39
39
39
39
39
39
39
29
29
29
11
11
11
11
11
29
27
27
4
4
4
49
49
47
8
8
8
32
40
40
40
22
22
45
16
16
32
32
32
14
49
49
49
5
47
37
6
41
41
41
48
48
48
48
48
41
41
41
41
39
5
5
5
15
35
35
30
30
41
1
17
14
14
14
14
14
5
5
3
2
2
22
22
22
22
31
31
31
31
31
33
33
33
40
40
40
43
43
6
6
38
38
44
3
3
26
47
20
8
30
30
30
41
46
46
40
40
40
40
40
43
43
43
43
43
43
22
22
46
46
46
46
13
13
2
2
2
2
2
19
19
19
19
19
14
11
11
11
11
11
22
4
22
22
29
