11
34
34
15
15
15
15
15
11
11
43
43
37
37
37
9
9
43
15
15
1
1
1
1
31
45
12
44
20
32
28
28
28
6
38
41
41
41
41
12
20
20
32
32
32
42
13
13
13
13
50
50
50
12
12
32
17
15
14
19
24
41
41
41
41
41
41
4
31
31
31
20
14
16
16
29
29
14
45
45
37
37
37
17
17
17
15
15
19
19
39
39
14
5
28
28
26
12
12
32
32
13
23
23
19
11
45
18
18
18
18
11
5
30
23
23
4
46
46
46
46
46
31
12
12
33
33
26
25
21
21
21
17
12
12
12
12
49
49
49
25
25
25
25
17
32
24
18
25
6
6
6
17
17
17
31
31
31
25
25
25
25
25
15
9
42
15
29
31
41
41
41
41
41
20
20
5
5
5
5
38
38
38
38
38
38
38
38
35
35
35
35
45
45
27
44
7
7
7
47
46
11
