38
38
38
38
16
26
26
26
24
39
39
39
39
39
21
48
48
4
4
4
4
4
4
4
4
29
43
29
29
29
29
26
26
26
26
26
5
21
23
43
44
44
47
29
28
30
32
32
40
21
21
21
21
26
26
26
26
26
1
18
18
18
14
14
14
14
35
45
48
15
15
15
15
15
15
23
47
7
7
7
7
10
17
1
34
34
34
34
34
34
34
36
36
25
16
50
47
31
13
13
2
27
27
27
27
27
38
47
47
16
16
29
29
29
16
29
44
31
7
10
10
6
6
6
16
16
25
25
25
25
34
34
34
26
3
3
15
15
6
11
14
17
26
5
5
5
10
39
40
40
16
16
24
24
33
33
33
47
47
4
4
40
40
40
40
48
37
3
3
25
20
5
29
17
8
8
13
13
12
12
12
12
12
12
22
22
22
24
7
7
7
7
13
25
27
27
27
21
21
21
21
21
