10
10
10
10
10
10
42
44
44
44
44
34
39
39
39
13
13
38
38
38
8
45
45
45
45
45
42
12
12
19
19
19
28
6
17
17
17
17
17
2
2
5
5
10
10
27
27
27
47
47
47
47
47
47
47
19
19
19
33
24
16
16
16
16
26
26
26
20
5
48
48
48
48
48
25
25
25
49
49
22
22
32
12
19
19
19
47
47
47
47
47
47
2
48
45
42
7
7
7
7
7
7
7
21
21
21
45
34
48
48
48
48
46
50
50
50
20
20
20
33
33
25
25
43
19
25
32
32
32
32
32
32
32
32
32
23
3
25
40
38
38
20
43
38
7
7
7
19
19
19
34
34
33
33
10
10
20
20
26
26
26
26
26
34
34
34
34
34
34
29
50
36
3
48
48
24
24
17
17
17
11
11
37
25
25
25
25
1
1
18
48
50
50
50
50
8
8
8
21
21
26
48
