6
6
19
48
29
41
44
10
10
50
28
28
19
19
46
46
9
9
9
27
45
45
38
38
38
38
19
43
43
10
10
10
26
26
26
35
35
26
25
25
8
8
8
8
8
45
26
26
38
26
26
2
43
40
15
15
15
15
32
32
32
14
26
26
26
48
34
5
5
36
33
24
6
6
21
48
49
10
14
14
14
5
5
4
4
4
50
50
41
41
22
31
31
28
28
28
28
28
28
28
36
46
14
40
40
40
19
11
11
11
11
11
18
33
33
42
42
40
2
34
34
28
28
33
33
33
4
19
19
19
19
50
50
2
2
2
7
2
2
2
45
10
18
11
43
34
34
31
2
2
47
47
47
47
47
47
47
47
14
42
42
33
33
33
2
2
2
2
20
20
45
45
45
16
16
5
24
37
37
44
44
44
44
49
29
29
29
29
50
50
22
22
22
22
1
35
39
39
39
39
3
3
