20
20
20
1
24
35
26
26
39
5
2
2
2
3
19
19
19
19
19
26
26
22
12
20
32
32
32
32
32
32
32
48
41
14
27
18
50
50
44
10
10
10
16
26
26
26
19
44
27
27
27
27
42
42
30
19
41
41
3
3
46
46
25
28
9
4
22
22
7
7
7
7
7
50
13
50
4
25
1
1
1
1
17
36
28
10
10
22
22
22
33
33
39
39
31
31
32
32
16
16
16
4
36
36
36
45
45
17
17
17
15
39
39
39
24
45
45
34
34
34
25
25
33
38
44
46
26
27
27
20
20
20
20
20
20
3
43
9
7
17
17
17
17
17
7
7
7
9
11
11
41
22
22
17
17
17
17
17
17
19
19
33
33
33
33
33
33
32
40
40
40
40
15
5
5
4
11
36
36
14
23
35
35
24
34
34
34
47
47
47
47
37
37
3
3
31
14
30
30
30
30
30
