37
38
35
35
35
35
42
42
36
36
36
36
36
6
6
6
43
43
43
27
37
1
1
8
8
23
42
42
1
1
22
4
4
26
26
46
46
46
11
11
24
24
24
18
43
43
43
43
43
23
43
43
43
31
31
31
31
46
46
20
11
2
2
2
2
2
2
2
2
2
2
5
5
2
1
1
48
48
48
48
48
48
1
1
1
1
35
21
3
3
3
28
19
45
48
48
48
33
33
33
33
39
39
33
33
33
33
33
50
43
11
32
32
32
32
32
13
27
27
27
45
45
45
30
30
17
8
8
8
8
8
25
5
5
45
45
45
40
4
4
4
4
4
4
4
22
22
22
48
15
15
16
16
37
37
37
37
37
8
2
2
47
22
23
49
49
49
49
49
45
10
22
22
25
25
14
14
42
42
42
42
2
5
5
41
19
19
19
19
19
22
39
8
23
23
23
21
21
21
20
20
20
