23
24
42
42
42
42
17
17
48
48
48
6
6
6
21
32
32
32
32
23
10
8
8
8
29
32
32
28
21
17
17
44
44
44
44
49
38
38
38
28
28
3
3
3
34
34
34
34
49
19
19
13
13
13
27
27
27
27
27
27
27
27
16
16
34
34
34
34
34
19
19
19
19
19
19
19
20
20
11
33
33
4
11
9
9
9
9
48
21
44
44
14
14
23
19
37
37
37
5
5
5
25
39
39
2
2
39
28
28
28
38
38
38
32
37
37
27
27
27
27
27
13
13
1
8
8
8
8
42
42
3
15
15
35
35
26
2
6
43
43
18
50
50
50
50
50
50
50
50
29
27
24
24
14
14
14
14
14
14
14
14
14
14
49
2
47
28
31
11
18
18
2
45
4
10
10
10
34
34
44
44
44
6
6
6
6
6
30
11
46
1
40
40
40
40
31
31
31
31
26
26
26
