13
13
7
32
32
32
7
7
16
16
1
24
24
24
24
12
40
40
40
40
40
40
40
50
17
34
26
26
9
9
9
50
50
49
32
32
20
20
20
23
50
42
10
10
30
18
3
3
46
21
21
16
16
16
23
23
23
15
15
27
27
27
27
42
2
2
2
40
40
28
28
28
1
24
12
12
44
44
44
44
44
22
22
22
37
41
41
5
5
5
30
30
44
21
21
43
31
41
50
50
50
50
6
40
36
36
36
36
42
1
41
41
41
18
18
18
11
11
8
5
37
48
48
48
7
37
37
36
36
12
18
35
36
20
50
48
48
24
42
42
42
2
8
8
49
49
47
31
31
31
31
35
35
4
4
2
2
2
2
2
2
17
10
10
10
50
15
34
34
34
24
10
40
7
2
2
2
30
2
2
2
2
2
43
25
25
24
24
38
17
12
32
24
24
34
34
34
34
13
1
1
1
