16
16
32
11
11
11
27
27
27
15
15
21
17
17
7
7
37
37
37
37
36
9
9
9
14
30
30
8
8
15
9
18
17
18
18
18
18
28
28
28
15
31
19
22
42
42
42
8
11
10
6
50
46
19
19
19
19
19
19
32
32
32
46
12
26
28
28
35
2
2
32
23
27
27
27
20
20
37
14
14
14
14
14
14
28
20
20
3
3
3
3
3
12
12
12
40
40
17
46
46
46
43
43
43
43
43
5
5
5
5
5
21
29
29
38
38
38
38
6
42
42
7
23
23
44
44
44
48
35
42
42
42
14
14
14
21
21
21
21
21
21
21
21
21
21
50
5
48
50
50
27
27
27
27
43
3
8
8
8
33
33
33
33
33
33
33
12
42
42
42
42
42
27
27
3
3
42
42
42
42
4
13
13
13
13
46
46
30
30
3
3
34
30
30
30
2
18
18
18
11
42
42
