37
36
11
2
17
6
6
6
36
30
46
5
5
6
6
6
34
19
36
36
19
19
43
43
43
43
43
43
45
35
42
42
3
3
3
8
47
47
43
43
49
49
43
46
33
36
36
36
1
16
11
28
28
34
34
7
43
43
30
33
50
50
50
45
2
2
26
26
46
25
25
25
35
35
35
35
35
7
7
7
7
1
38
27
27
45
5
5
2
44
44
35
35
35
35
35
22
22
22
22
22
34
34
34
4
46
46
3
3
24
24
24
24
28
24
24
14
14
14
15
6
30
12
40
40
40
2
2
2
2
2
27
27
11
14
34
27
48
48
18
18
18
18
8
28
28
46
12
20
13
13
13
13
16
13
13
13
13
13
13
13
13
13
36
38
38
38
38
38
31
1
8
20
29
29
29
29
29
38
10
10
33
40
40
40
40
40
40
4
3
3
3
3
3
18
18
30
8
8
8
8
6
