35
35
27
27
29
31
31
10
10
10
27
27
27
45
45
45
45
15
23
45
40
40
36
36
36
36
49
49
47
47
47
25
11
11
42
9
9
5
5
49
43
6
6
6
40
40
40
40
40
40
8
28
8
8
45
45
2
2
2
2
13
13
31
15
48
18
36
25
49
35
35
16
19
19
19
19
19
19
36
43
43
43
8
8
39
27
37
37
36
1
1
4
4
4
43
43
24
24
8
44
17
17
3
3
3
42
42
42
42
42
2
2
2
2
2
33
19
29
11
4
8
8
31
31
31
31
31
31
31
31
31
50
46
46
3
3
3
3
3
4
4
5
5
5
48
48
14
14
14
14
14
14
10
40
15
15
15
33
33
33
33
33
33
50
50
50
37
37
21
6
6
28
28
4
4
3
2
39
24
15
15
15
10
33
33
33
42
25
8
4
15
6
6
6
19
19
21
35
35
35
11
21
