49
49
50
48
48
30
45
45
45
11
11
11
32
20
7
32
32
32
35
19
5
10
47
5
19
38
38
38
38
38
38
38
35
35
47
47
21
18
18
30
30
17
13
13
13
13
10
10
10
10
10
33
33
19
19
19
10
36
36
38
38
38
38
38
38
39
2
46
46
46
42
42
44
44
44
21
21
21
24
5
37
37
37
21
6
6
16
16
16
16
16
4
9
44
44
44
44
7
7
7
8
48
48
17
14
26
47
47
16
2
2
21
40
14
14
2
2
2
2
20
7
7
7
48
48
22
22
22
22
22
22
22
25
2
38
38
7
7
44
40
40
40
42
42
42
42
14
14
23
23
23
31
31
31
31
29
37
37
22
37
31
31
31
16
16
10
10
16
16
32
5
32
32
32
32
32
40
2
18
18
44
21
12
12
6
6
6
34
44
32
32
7
7
50
45
31
31
31
37
37
37
37
