39
39
39
39
28
25
25
25
48
4
15
15
1
1
10
10
35
35
2
10
10
6
42
42
42
42
3
15
2
21
30
43
20
20
20
20
20
20
50
31
31
26
26
26
22
22
46
7
3
30
30
13
13
18
18
18
41
41
41
28
28
28
28
28
4
4
40
40
33
33
47
26
17
45
22
32
11
10
2
18
19
6
7
7
41
41
41
41
15
15
15
15
15
29
29
44
14
20
20
20
32
47
26
32
17
17
17
17
17
17
17
27
4
35
15
15
18
10
20
20
20
20
20
40
21
24
24
45
25
17
1
46
6
6
6
2
2
50
25
25
25
50
50
50
50
36
36
36
1
23
23
23
23
23
49
49
46
46
46
46
13
13
27
27
27
27
27
42
8
14
17
38
14
46
14
14
43
9
9
9
39
30
31
19
39
50
50
50
16
28
28
2
2
2
38
38
38
4
34
38
45
45
