4
4
2
16
29
31
31
31
41
6
6
6
38
38
38
15
8
7
7
39
39
39
39
39
39
25
25
4
18
18
18
18
24
22
28
25
25
25
2
2
6
15
14
16
16
5
5
5
5
5
5
5
5
17
17
17
16
47
47
42
12
12
16
16
16
47
47
31
15
21
44
8
8
8
8
16
16
16
26
36
36
47
47
47
47
47
47
5
38
41
33
41
41
41
41
41
41
19
28
28
28
28
11
42
34
42
31
41
18
18
39
39
31
31
31
31
31
14
1
1
41
41
41
41
45
38
47
43
43
43
43
43
23
23
17
17
17
17
17
45
45
45
45
45
45
36
36
36
49
3
28
39
9
33
33
42
47
47
47
36
49
49
35
9
29
13
46
46
46
26
26
10
25
25
25
14
7
48
48
48
48
48
48
40
40
40
40
40
40
18
42
22
48
29
8
8
43
43
10
10
16
10
