43
43
38
38
45
45
45
45
45
45
35
7
7
7
7
30
12
12
26
22
19
44
33
48
47
40
40
14
14
14
12
42
43
3
3
20
39
39
39
39
26
26
27
5
5
5
12
29
14
14
14
10
10
27
27
27
14
23
23
23
23
41
41
41
41
41
28
28
28
38
12
11
11
11
32
25
25
25
25
3
47
47
25
45
26
26
26
26
31
50
50
25
33
6
6
13
13
41
40
19
30
3
8
8
33
33
33
33
5
5
21
21
21
21
21
43
3
40
34
34
26
37
37
37
37
37
40
17
27
27
27
40
33
33
33
33
33
1
44
44
44
26
26
26
7
7
7
12
48
48
48
48
20
20
20
20
20
20
20
24
11
27
27
27
27
32
45
41
38
21
21
21
21
21
4
4
4
4
4
22
34
22
1
24
24
18
18
18
18
14
14
17
17
27
46
38
50
50
35
47
47
13
