49
48
48
48
48
48
18
18
18
49
6
6
6
35
35
22
2
48
49
22
22
22
22
41
18
18
37
37
39
39
39
39
2
30
10
10
30
30
30
30
30
6
30
30
30
30
30
10
48
28
28
30
30
33
33
33
33
13
6
35
6
13
13
13
26
26
26
26
26
26
33
46
46
46
46
22
22
26
26
26
26
26
35
42
6
18
41
33
35
39
39
45
45
45
45
42
42
42
26
26
26
48
48
48
48
48
48
10
37
37
2
2
49
13
13
28
2
2
2
2
2
42
42
35
42
42
33
33
33
33
49
2
13
39
35
10
41
41
41
41
41
41
28
28
28
28
28
28
28
28
28
28
13
39
22
35
13
13
33
48
48
22
30
26
26
26
26
10
41
13
30
30
46
46
46
46
46
46
46
46
33
13
26
26
26
33
28
28
30
35
6
6
22
45
45
28
28
28
28
33
33
33
