22
17
32
32
32
32
32
32
29
29
29
29
14
14
30
30
30
30
30
16
25
25
25
11
35
35
9
9
9
18
18
18
29
27
25
41
41
42
35
35
35
35
35
35
35
25
25
25
28
28
28
28
36
50
5
5
5
5
5
50
50
50
40
40
40
40
5
5
5
5
5
5
5
26
26
26
48
48
4
16
15
27
9
9
9
9
17
41
47
13
13
13
13
13
13
13
13
10
10
10
46
21
21
21
21
16
16
8
8
8
8
35
35
46
15
6
11
10
13
13
13
2
29
21
21
44
24
37
49
28
32
32
32
32
32
27
17
29
32
32
37
8
8
8
43
50
15
15
8
1
1
1
1
1
5
38
38
38
40
42
19
19
19
2
10
37
38
38
38
38
38
38
38
14
14
49
10
36
36
36
41
6
28
28
6
48
48
30
19
19
19
19
21
21
21
21
21
21
42
42
36
31
