37
35
16
16
16
16
16
16
16
21
21
21
27
27
27
38
31
31
31
1
1
1
41
41
41
40
40
40
40
21
21
8
8
12
12
5
5
34
34
34
34
34
34
12
12
12
7
7
7
36
47
2
34
34
34
34
13
13
6
28
34
40
29
33
17
45
48
39
39
39
39
18
18
8
8
8
8
14
36
36
28
28
28
28
28
36
8
27
12
50
21
21
21
3
3
3
3
42
42
2
39
12
12
44
44
44
19
27
32
32
18
18
18
18
18
35
35
35
35
35
31
31
28
28
28
28
28
30
30
9
23
2
2
34
34
7
7
22
22
22
44
42
42
45
8
39
43
43
24
14
9
46
46
7
33
40
1
1
1
1
32
24
24
7
16
20
20
20
24
24
15
15
33
44
44
44
44
44
40
27
27
27
27
38
9
9
20
14
14
14
14
14
32
32
32
32
32
32
32
37
32
22
