47
19
19
19
19
19
20
20
29
29
19
19
19
19
19
40
40
40
40
38
38
38
38
38
38
38
38
38
28
28
8
8
14
45
45
11
37
37
16
20
20
20
4
41
28
28
28
28
43
43
43
43
12
12
25
25
12
12
12
12
12
12
47
47
47
47
47
47
47
47
42
4
36
36
33
25
25
24
48
48
21
9
5
23
23
23
23
3
30
30
30
8
15
11
43
43
2
4
5
49
49
8
8
8
8
7
36
36
40
21
42
42
35
36
36
36
4
4
26
5
5
5
33
32
32
17
17
17
17
35
35
32
32
7
15
15
15
15
33
33
41
32
37
37
15
33
33
19
19
10
10
10
47
47
50
45
45
28
6
12
50
50
50
50
50
50
15
9
6
7
28
28
28
30
29
29
29
42
42
42
24
19
19
19
45
45
17
20
20
20
20
20
20
27
36
31
31
31
31
31
31
31
