16
16
44
44
48
16
16
16
10
34
34
41
41
38
21
13
16
16
16
22
45
45
48
48
2
2
2
2
26
26
26
26
26
7
9
9
6
29
29
29
29
29
38
38
16
16
16
28
22
3
3
3
3
3
1
1
1
1
14
14
14
14
44
44
18
18
5
5
10
8
47
47
10
10
10
31
1
45
12
12
12
12
48
11
33
50
50
35
35
3
3
32
32
12
25
25
25
25
5
30
30
30
30
48
48
48
48
48
48
48
48
8
8
8
45
45
24
24
11
11
11
19
19
24
21
21
40
30
4
17
16
16
16
35
35
17
27
27
27
48
48
48
21
21
21
21
21
33
26
26
26
26
43
48
16
42
42
42
18
18
31
33
33
33
33
33
18
18
32
32
33
13
41
41
41
41
41
30
13
13
43
43
43
43
14
14
32
35
35
35
35
40
12
10
44
12
12
16
16
43
43
43
