44
19
12
29
29
29
35
1
38
38
14
14
12
15
27
27
3
3
3
3
26
45
45
45
45
34
34
34
21
11
17
17
17
17
17
17
15
15
15
33
33
42
17
17
17
17
24
12
48
29
29
29
10
10
10
1
38
38
23
43
11
11
11
38
38
38
38
24
4
4
4
4
4
29
23
10
10
10
10
10
45
45
45
42
39
50
50
5
5
15
15
6
6
16
16
16
31
31
31
31
31
31
11
46
46
46
39
31
31
13
49
6
27
27
24
46
27
27
20
11
3
46
41
41
41
16
15
15
15
7
7
7
7
47
25
25
14
14
50
33
33
33
33
33
31
12
40
49
49
11
23
39
20
20
20
20
2
21
21
21
8
8
8
8
8
2
33
33
8
41
41
41
27
37
37
44
44
44
10
12
12
45
45
8
8
4
4
20
20
10
10
10
10
2
2
2
24
37
37
39
30
36
