12
12
12
12
30
30
30
30
30
6
33
43
43
43
33
38
49
49
31
31
31
31
31
31
31
29
29
29
29
29
21
21
13
24
1
44
44
44
9
34
41
8
50
50
50
50
11
11
11
11
40
40
40
46
46
37
37
37
37
37
37
37
45
36
36
2
2
2
10
5
44
3
3
17
17
17
45
25
25
2
45
45
20
20
31
31
17
17
47
21
10
10
10
10
10
10
10
10
38
50
50
39
39
39
39
39
39
39
15
15
33
43
43
8
11
11
11
37
34
34
34
34
43
39
11
15
15
15
17
17
17
40
40
40
11
11
47
47
47
47
47
47
5
5
21
21
21
39
39
39
39
39
39
39
48
48
15
27
22
22
42
40
24
15
13
13
11
46
12
12
24
24
25
25
25
20
20
20
33
42
42
28
28
28
28
28
48
48
25
5
5
5
5
5
5
5
3
3
3
3
3
19
