17
17
17
17
20
28
19
1
1
1
37
49
42
42
42
12
2
6
5
18
12
43
12
4
38
38
22
13
13
6
37
35
35
35
35
35
35
35
34
34
34
18
18
18
40
40
40
40
24
24
24
47
38
10
10
10
4
4
43
43
40
40
40
40
40
40
32
13
21
20
20
45
45
30
30
23
23
23
35
35
12
45
45
45
45
45
46
10
10
28
17
39
39
47
14
17
17
17
17
17
17
11
4
4
28
28
30
19
3
7
4
4
4
4
6
20
28
11
11
4
21
21
6
2
7
43
5
23
23
23
7
7
13
13
13
13
36
32
32
5
6
6
6
22
25
25
41
22
7
43
43
24
9
22
35
20
40
40
24
17
15
15
36
10
10
20
20
2
2
34
6
6
1
1
26
28
28
27
27
27
27
27
27
27
27
46
46
34
46
46
46
46
46
46
46
13
49
49
14
37
37
37
