9
38
19
36
12
12
20
20
50
50
50
17
46
28
28
11
11
5
32
32
32
45
45
45
27
49
28
28
38
47
13
13
13
25
25
25
25
25
25
23
33
8
35
35
40
21
21
21
21
21
21
25
38
43
43
41
2
50
35
27
8
8
30
6
14
14
42
43
43
43
50
50
50
50
35
41
41
26
6
47
47
47
32
35
27
27
7
36
36
36
31
31
12
12
1
1
1
31
31
31
31
33
33
33
44
34
34
34
34
34
36
36
50
37
46
14
14
14
14
14
14
16
16
16
4
4
43
15
4
26
26
45
10
41
41
29
29
29
29
29
29
23
23
47
47
35
31
31
31
31
27
43
18
37
37
37
2
2
4
6
49
15
6
6
6
23
23
23
23
23
23
23
14
14
14
13
1
10
45
45
45
21
12
38
38
38
43
43
25
25
25
30
24
24
24
24
5
5
4
45
45
46
