44
49
49
49
49
32
2
41
20
20
20
28
12
12
27
27
6
6
6
6
43
43
9
9
9
9
11
14
14
4
24
24
24
24
24
14
14
48
27
48
48
22
22
13
29
29
29
34
34
16
16
16
27
27
27
27
27
9
9
25
34
23
23
23
23
23
6
19
19
10
10
10
36
36
36
36
36
40
40
40
40
28
28
28
28
28
21
24
24
27
44
7
7
7
43
43
9
17
33
33
10
33
33
33
33
41
41
21
11
11
11
11
11
32
30
30
23
17
17
30
30
30
30
35
35
35
35
35
35
35
35
34
15
15
15
22
8
8
8
8
8
28
38
35
36
24
24
24
24
24
24
24
24
24
24
49
28
25
2
2
2
2
2
2
45
3
3
3
9
9
9
9
9
9
9
28
6
6
5
24
24
24
24
34
20
20
23
10
22
22
22
22
22
45
2
43
32
49
49
49
49
49
