17
17
17
17
10
43
35
14
9
29
29
29
28
28
16
40
5
44
44
25
43
43
19
4
21
21
33
33
34
34
12
3
3
48
48
17
4
15
15
21
21
21
21
14
50
47
47
36
9
4
4
1
1
48
5
18
18
26
48
48
15
42
42
23
23
23
32
32
19
29
29
1
8
48
48
48
2
16
16
16
16
45
28
28
28
28
28
3
3
3
47
47
3
3
34
38
38
8
8
47
8
8
20
5
40
40
45
45
11
27
27
37
19
22
22
49
49
49
28
28
28
19
19
29
25
8
8
32
32
32
32
34
28
28
28
28
28
28
9
22
22
36
36
6
4
4
13
13
13
36
36
36
19
19
33
33
33
27
5
13
50
31
31
18
18
18
18
5
5
5
21
39
39
33
13
13
40
40
44
44
44
44
44
44
21
23
23
9
9
9
35
35
43
43
6
6
43
43
24
30
23
23
