18
13
13
13
11
11
26
22
44
17
17
46
46
46
8
8
15
15
15
15
23
9
18
18
40
8
8
8
45
45
8
8
8
25
25
4
4
28
42
41
38
21
21
21
20
20
8
8
4
49
49
42
45
11
11
11
19
48
46
29
29
6
6
36
36
23
23
23
23
23
40
27
27
21
21
23
23
23
30
43
43
43
43
35
28
28
28
28
28
17
48
22
41
30
40
48
48
48
48
48
31
31
31
2
30
26
26
26
26
26
26
26
43
43
2
11
42
42
42
31
44
20
27
27
41
41
42
23
36
36
16
33
33
33
33
38
38
34
23
48
48
28
28
28
28
28
28
28
28
28
13
28
28
37
37
37
36
44
41
43
18
48
6
5
49
49
25
25
47
47
47
18
18
50
50
48
18
18
3
3
18
47
47
47
47
47
25
20
45
45
45
12
12
12
12
15
15
50
50
34
34
50
