1
20
38
7
7
35
26
42
12
7
48
47
48
32
32
32
32
32
12
12
18
1
18
47
47
47
47
47
14
14
14
7
28
28
21
46
48
48
48
48
30
30
30
45
45
18
21
21
21
21
21
21
24
24
46
46
46
36
2
2
2
11
2
2
32
19
11
18
41
41
41
41
6
14
14
14
14
44
26
24
24
22
22
22
22
19
32
32
32
32
35
35
14
14
14
14
35
10
10
10
9
12
12
14
14
7
39
39
24
24
24
24
18
42
42
36
12
48
47
47
47
12
1
1
24
47
10
10
37
37
37
9
9
6
2
30
30
30
47
26
19
18
18
18
18
37
37
37
37
36
36
36
42
21
47
47
6
6
6
48
11
38
26
26
26
26
26
26
26
45
45
45
45
45
45
45
45
14
14
22
24
42
21
13
30
30
35
6
9
22
22
22
22
22
22
22
44
48
35
32
24
24
