11
42
42
42
25
25
11
10
10
41
41
16
42
16
16
22
22
22
9
38
32
14
26
50
40
40
40
40
46
32
3
3
3
3
3
16
19
19
13
13
2
23
23
23
23
23
50
50
50
37
37
9
5
36
9
45
45
23
37
45
45
45
45
45
45
49
36
39
39
14
13
13
36
36
8
10
28
28
28
42
42
17
17
17
17
11
30
38
37
30
30
20
44
26
6
6
6
6
6
6
44
8
11
11
11
32
32
25
25
31
40
40
40
48
48
48
36
36
19
4
37
37
14
46
46
3
23
19
20
22
22
20
20
45
39
39
39
10
10
10
33
33
8
18
37
37
37
13
34
44
43
44
44
44
44
36
10
45
41
25
17
26
26
23
23
22
49
16
30
20
37
37
40
37
37
28
25
25
25
5
5
38
38
38
38
44
44
26
43
9
9
32
35
35
35
38
4
11
46
8
16
41
