25
20
40
40
35
35
20
20
20
6
6
38
38
38
38
38
38
33
28
34
17
9
9
9
9
13
36
36
40
40
40
40
40
40
28
8
8
8
8
21
21
37
50
50
50
50
42
42
31
27
27
27
3
3
40
9
37
37
18
18
18
28
12
12
23
19
50
50
50
40
28
3
3
15
15
31
31
48
48
41
41
41
41
21
21
21
48
48
48
48
15
40
40
10
10
10
36
20
20
42
42
37
37
37
37
37
20
20
20
5
5
19
19
19
6
6
6
29
12
12
12
12
12
14
14
14
14
24
24
24
14
14
14
7
17
30
10
49
49
49
25
25
25
25
25
38
21
28
28
28
15
49
49
31
38
38
23
36
1
1
1
1
1
20
16
16
16
36
36
19
4
4
4
4
1
1
11
11
22
22
25
25
26
26
48
44
44
4
11
11
11
28
17
17
29
29
40
40
40
40
40
40
