41
13
13
13
13
6
6
6
18
18
18
18
18
40
40
40
40
19
19
48
35
35
1
5
5
33
7
32
7
7
4
4
30
40
40
40
40
4
4
30
32
32
32
32
26
33
27
27
27
16
44
11
11
34
34
34
34
42
42
25
23
23
23
33
30
48
32
32
32
32
41
23
29
29
29
29
33
33
33
16
16
16
13
35
35
35
28
28
28
28
30
30
17
17
20
17
38
38
38
38
5
15
12
12
12
12
23
23
23
47
40
40
40
40
40
40
5
50
30
30
30
30
20
20
15
1
32
33
33
33
33
33
33
29
29
29
18
18
18
9
9
9
24
24
21
21
45
42
42
42
42
42
42
1
44
44
28
11
2
2
34
33
33
20
38
32
38
38
38
39
17
17
17
17
29
29
29
29
29
29
31
31
31
31
31
31
24
13
45
45
20
20
49
41
44
45
45
41
41
41
18
18
