40
14
28
28
8
8
15
11
11
11
3
3
6
8
38
12
29
29
29
29
28
28
49
49
36
36
19
40
13
36
32
32
32
32
32
32
32
43
37
17
17
50
15
43
43
43
43
43
43
30
30
30
3
12
47
47
5
5
11
11
11
44
44
44
44
44
44
44
15
15
33
33
40
40
40
19
18
29
29
19
19
19
19
46
46
3
20
20
20
20
26
26
29
29
29
46
21
7
14
42
42
10
24
24
13
13
40
40
27
27
4
4
4
1
46
36
36
10
10
10
10
5
26
20
20
44
48
37
2
2
2
9
5
40
30
30
30
15
4
4
38
38
38
47
47
32
32
32
32
15
15
22
22
22
40
40
40
40
40
6
6
6
6
5
5
5
5
5
41
41
1
12
12
12
12
12
12
12
25
40
8
2
2
2
22
22
19
19
19
33
33
4
19
19
19
49
36
8
8
21
21
45
