18
18
40
40
15
15
48
48
48
28
28
19
19
19
19
49
49
49
19
37
19
47
32
32
32
44
44
49
49
50
50
50
50
20
20
1
41
41
41
34
34
34
49
49
8
19
19
24
24
6
6
6
6
30
30
23
27
5
5
36
36
36
36
37
37
16
43
36
36
35
35
35
35
35
21
12
12
44
37
37
21
21
21
21
21
21
24
34
21
38
38
38
50
50
50
50
21
11
35
46
40
13
13
25
25
15
8
23
23
23
23
23
27
9
9
9
9
16
16
43
5
36
36
36
36
43
16
16
16
3
3
3
3
3
23
23
12
12
18
18
11
33
33
33
6
1
1
42
42
42
42
37
25
18
18
13
21
21
21
21
21
21
25
10
49
49
49
21
3
3
23
23
23
23
32
32
32
32
32
30
30
7
7
7
7
14
5
5
5
6
6
9
7
7
7
21
22
18
46
46
46
46
