34
34
18
18
18
22
25
25
31
31
20
2
2
2
46
32
32
32
15
15
15
15
15
31
7
7
44
39
12
12
12
12
19
23
44
15
39
22
22
31
47
47
14
14
18
2
18
18
18
46
17
17
26
13
13
25
25
25
25
37
37
37
30
10
10
10
46
46
21
21
21
21
5
23
23
39
25
35
40
31
29
12
50
29
29
43
32
49
10
10
18
39
39
39
39
43
43
33
33
38
7
7
21
48
27
27
27
5
5
22
13
13
13
13
13
28
28
28
28
28
28
34
34
34
11
11
13
35
35
35
35
9
9
9
9
9
22
3
3
25
35
35
38
9
9
9
9
9
9
9
17
41
41
4
16
16
16
16
16
16
16
16
16
16
13
28
28
28
28
33
48
48
48
48
48
47
24
24
24
24
18
20
20
20
20
20
20
24
25
25
37
37
37
37
37
33
33
21
43
26
26
5
