2
2
4
41
1
28
28
17
17
18
44
44
44
11
11
11
9
9
9
20
45
30
30
30
23
12
12
4
4
37
5
48
48
48
48
43
43
43
43
43
43
48
48
21
30
27
33
41
41
41
17
27
27
27
41
41
41
41
15
15
28
28
6
32
12
44
16
19
35
35
11
29
14
14
14
14
50
50
1
42
42
34
38
38
38
38
38
11
11
11
19
19
19
45
45
45
45
45
45
45
1
1
1
37
15
37
11
11
11
47
31
31
4
4
4
4
4
50
31
15
35
35
35
35
27
27
27
27
47
40
40
15
22
44
45
6
6
6
6
6
6
4
4
46
46
46
46
22
22
22
5
49
49
49
8
8
36
46
46
46
32
19
19
19
19
19
19
19
19
30
30
16
16
13
31
11
49
49
49
48
48
23
23
32
9
35
35
17
17
17
14
41
41
41
41
25
48
48
48
48
48
48
