49
49
49
14
14
14
14
18
39
49
44
5
5
5
46
7
37
37
37
2
2
18
5
5
5
47
47
47
47
21
36
26
26
26
26
20
20
20
28
28
2
2
27
45
49
7
7
7
7
7
7
8
8
28
16
17
27
27
1
1
1
1
1
37
34
34
34
34
34
5
47
47
45
32
39
39
36
48
48
48
32
26
11
5
31
31
31
31
44
44
21
27
27
27
27
27
27
27
14
14
14
48
48
32
11
44
11
11
39
30
22
25
25
20
20
2
23
23
23
15
15
29
29
29
23
23
18
18
18
18
29
29
29
50
22
22
22
10
12
12
12
12
12
2
21
21
21
21
11
11
11
33
33
33
33
12
12
12
12
12
12
12
12
12
12
38
18
18
18
18
41
43
43
33
33
1
8
24
24
24
24
24
24
24
24
41
41
41
26
26
26
7
45
39
39
39
25
25
32
32
17
9
