40
40
49
48
40
40
40
40
40
40
40
47
47
47
29
6
6
6
6
49
49
49
7
30
30
30
30
30
30
30
7
7
7
40
33
33
33
39
39
40
35
35
35
35
35
35
35
35
26
26
18
15
15
15
15
15
15
47
26
26
26
17
24
24
24
24
24
22
22
22
19
19
19
35
7
7
7
8
8
36
25
3
3
2
2
26
45
45
45
8
8
36
16
26
44
14
14
14
46
46
41
41
41
41
37
14
35
35
38
38
37
6
6
6
6
14
14
8
8
42
42
18
18
15
15
7
10
10
10
10
22
9
31
31
10
10
10
10
10
10
10
26
2
29
29
29
48
15
15
15
15
15
15
15
11
33
33
33
33
33
9
9
20
31
3
3
10
10
10
10
18
9
9
33
12
12
12
12
19
19
12
12
35
35
35
25
25
25
16
2
20
18
18
45
45
45
45
16
28
24
24
24
