29
29
31
31
31
46
47
47
30
2
47
47
28
30
30
14
4
4
44
41
41
41
23
42
42
25
25
25
25
3
4
4
4
10
10
47
1
1
1
1
22
16
39
39
39
39
39
39
39
19
5
5
34
34
20
20
28
28
9
50
50
48
30
41
38
38
38
38
46
46
48
1
1
42
3
40
35
23
21
39
39
36
23
23
3
3
13
13
13
31
31
31
37
1
1
26
46
46
15
29
29
47
30
30
28
7
7
7
37
8
25
25
25
25
25
25
27
27
15
38
23
29
29
29
5
5
5
5
5
5
24
10
10
2
2
2
2
2
21
20
20
20
20
20
20
20
8
46
46
46
6
6
17
10
25
25
25
25
25
25
25
25
3
11
11
50
24
23
23
49
49
49
49
49
10
40
45
45
6
6
8
8
8
31
22
22
22
22
1
26
32
38
3
3
3
3
3
16
42
42
12
37
