2
26
13
13
9
45
45
45
35
4
4
4
4
4
4
38
38
38
38
38
24
24
14
8
8
8
8
49
49
49
49
16
16
36
21
21
21
21
49
9
9
12
48
21
21
21
12
12
12
19
39
39
39
20
20
20
20
19
19
19
19
19
25
25
25
32
32
32
32
20
20
20
22
22
14
14
14
14
14
14
24
24
7
7
7
7
6
6
6
6
17
17
17
17
49
45
45
45
25
25
19
24
43
43
43
43
50
50
50
42
7
7
7
7
31
6
5
5
38
48
2
2
2
2
17
17
17
43
43
26
26
31
7
33
33
33
33
33
33
50
17
28
41
10
10
23
23
23
23
8
41
41
41
41
41
41
47
41
19
36
36
35
21
21
18
18
18
18
18
18
18
6
39
40
20
20
20
32
8
8
44
44
44
9
33
44
17
17
17
16
24
24
24
24
18
46
46
26
15
48
20
36
