48
48
25
19
19
19
19
19
46
46
16
16
9
9
24
22
22
29
18
3
5
5
35
35
39
39
39
41
9
9
9
9
9
9
9
9
9
26
26
29
29
35
35
31
31
32
32
39
45
11
11
8
8
14
13
13
13
2
31
22
43
43
43
43
5
15
46
42
42
11
11
11
48
10
10
10
5
5
48
15
8
10
10
22
33
40
40
40
40
40
37
34
34
46
48
14
14
50
41
23
36
36
36
36
19
19
19
43
29
29
29
45
45
37
2
14
14
14
14
2
2
2
11
16
43
9
9
9
42
11
31
10
10
49
50
44
23
29
23
36
2
2
32
32
32
33
44
44
14
14
14
14
33
33
40
40
9
9
9
9
9
9
49
27
23
15
15
47
50
50
50
50
50
50
49
15
15
19
20
30
3
31
3
49
49
49
37
37
31
5
8
37
37
17
17
9
48
48
1
1
1
1
