37
37
37
26
26
11
7
33
33
25
25
25
32
32
32
32
32
32
8
3
10
10
22
22
12
24
10
10
10
17
17
17
17
17
21
21
2
2
27
27
34
1
1
1
1
4
4
4
4
4
4
4
4
36
36
10
10
10
27
27
27
27
24
28
30
30
50
2
5
5
32
32
32
37
37
37
31
32
43
41
41
44
29
29
37
37
49
40
16
31
31
31
6
33
49
24
48
48
48
48
48
34
31
31
31
31
42
21
21
33
8
15
22
15
15
1
1
1
1
1
4
7
28
22
22
22
22
31
31
31
31
31
2
26
24
24
24
24
33
33
47
19
23
23
23
32
15
45
45
10
10
10
48
48
48
6
17
30
35
35
35
35
35
49
42
44
44
6
6
34
9
9
9
9
35
35
6
6
6
5
12
12
12
12
12
39
15
15
15
15
15
44
27
30
21
1
30
30
31
28
28
28
