44
31
7
8
8
8
8
22
12
12
31
15
15
12
11
9
9
48
48
48
12
12
12
12
32
38
38
38
38
15
15
15
47
47
34
8
8
49
49
19
11
28
28
28
3
47
47
37
18
48
48
48
48
36
36
30
30
13
11
11
17
17
30
1
1
1
1
1
30
26
18
18
18
18
17
24
26
26
26
26
24
28
28
28
14
14
2
1
1
1
1
27
27
27
32
32
49
49
10
10
20
23
23
23
23
23
23
23
22
41
26
26
26
26
14
34
35
5
5
5
5
5
19
19
26
26
48
50
26
24
24
24
38
38
41
41
41
44
47
47
11
17
17
12
12
12
12
12
12
5
10
44
44
44
29
29
29
18
12
9
9
9
46
46
46
46
17
22
39
39
9
9
9
38
38
38
40
40
12
12
12
48
31
13
9
9
31
14
14
14
38
38
46
7
7
7
9
9
17
39
18
41
