17
17
17
37
3
21
11
11
35
35
35
13
13
5
5
5
14
23
23
30
30
30
9
1
16
38
38
6
33
33
33
42
42
42
42
3
3
3
4
18
18
18
18
18
46
46
46
5
8
6
29
29
43
24
11
7
18
39
39
32
32
25
33
33
33
33
45
7
7
7
7
46
29
4
42
42
13
24
24
35
19
19
19
28
28
34
9
18
34
44
13
13
34
40
40
29
12
23
33
33
33
33
41
41
41
41
43
2
2
28
28
1
6
6
16
44
44
44
44
46
46
46
46
46
46
46
49
49
49
49
49
49
34
39
39
39
39
20
33
33
33
33
33
7
7
24
13
37
37
37
37
37
37
37
31
31
31
31
37
37
37
43
40
36
50
44
12
12
12
12
12
36
36
33
33
7
31
31
16
16
32
12
12
31
7
25
24
32
22
17
17
40
12
12
12
12
12
37
16
16
16
47
