23
36
46
15
49
14
48
48
48
48
48
48
14
14
12
12
12
12
10
24
24
26
47
16
16
16
23
23
23
10
10
47
32
32
32
32
32
36
43
16
16
7
11
11
45
37
11
25
25
25
25
25
25
32
32
46
9
34
34
27
31
20
22
22
22
36
21
21
46
26
26
26
26
26
45
6
6
23
16
16
17
1
1
37
3
3
38
38
4
39
39
39
7
2
2
2
2
17
35
35
35
4
13
13
13
42
42
42
31
31
31
31
31
14
14
8
15
15
15
15
16
34
34
11
11
38
38
5
10
10
18
28
28
14
14
14
18
18
18
41
41
23
43
17
17
31
31
21
21
11
44
44
5
3
3
38
38
38
6
6
6
34
34
34
39
39
10
10
8
8
8
8
50
42
42
42
42
23
15
15
38
5
10
47
47
38
38
39
12
12
16
5
46
39
39
19
19
9
9
9
9
9
