1
1
25
18
42
42
38
38
38
5
21
44
44
50
9
41
41
18
17
17
17
17
26
26
34
34
34
34
25
25
23
23
23
8
8
20
20
47
47
8
16
16
16
6
25
26
28
23
20
9
9
9
4
45
14
23
23
23
35
35
35
3
7
7
7
7
49
39
17
13
14
14
14
38
15
15
20
20
48
48
48
29
15
15
15
15
15
15
11
48
45
13
30
30
36
36
36
36
36
24
38
38
38
38
20
20
20
36
15
15
15
13
7
7
23
23
43
15
39
23
23
23
23
37
37
37
37
37
24
34
34
34
17
43
30
30
30
16
16
41
13
25
31
45
48
48
18
41
45
45
28
28
28
22
22
38
38
38
25
25
25
43
41
40
40
40
40
40
22
34
34
34
34
34
8
38
19
36
36
15
41
8
47
47
47
35
28
37
37
20
20
44
23
5
39
39
48
48
38
23
31
16
