12
7
7
29
29
1
46
46
1
46
46
46
46
46
46
45
47
47
49
49
49
19
19
43
28
7
7
7
7
7
44
12
20
20
26
26
46
45
45
37
29
32
32
47
47
47
12
31
46
46
45
45
11
11
26
50
8
8
8
27
46
46
35
21
27
27
18
18
18
18
29
29
23
23
23
48
48
38
38
38
29
29
29
24
24
40
2
2
17
5
33
46
46
46
46
46
19
19
19
19
19
19
29
39
39
1
10
10
10
10
10
10
37
42
42
18
13
13
16
30
32
50
4
4
4
4
4
4
1
1
1
1
1
10
10
10
38
33
3
17
17
17
17
24
24
24
24
26
26
26
26
29
29
29
31
26
26
10
10
10
20
20
15
21
21
21
21
21
21
13
23
39
7
32
32
32
16
9
1
1
1
24
24
24
24
47
47
45
18
18
18
33
33
33
33
46
49
45
45
10
10
10
