32
32
11
35
35
35
48
48
38
9
16
16
42
42
42
43
15
16
24
3
3
3
3
3
3
23
45
3
42
27
27
27
38
10
10
48
48
35
44
22
5
5
31
7
7
5
5
5
5
21
21
21
48
48
47
20
20
20
50
50
7
7
41
41
41
41
46
46
42
42
18
25
25
33
49
46
12
34
34
27
42
42
42
6
6
23
23
12
12
12
12
12
12
12
20
20
45
45
12
12
12
21
21
6
35
35
35
3
3
22
22
22
21
21
36
14
14
20
20
29
29
20
24
24
12
9
9
17
17
17
27
38
38
34
34
34
34
26
26
37
37
37
45
45
22
22
22
22
41
44
44
44
37
11
11
21
21
49
49
10
10
42
42
34
34
34
21
21
21
21
42
29
41
8
44
40
40
38
37
22
22
12
12
12
12
50
40
40
40
4
4
4
46
46
26
4
24
24
2
2
2
6
