13
13
13
41
41
36
48
48
37
35
35
35
29
29
29
29
37
5
49
49
49
29
47
34
24
44
44
37
37
37
37
49
49
20
20
29
29
21
15
37
37
31
31
31
31
49
39
34
21
21
39
20
22
34
5
5
33
36
36
37
4
4
4
22
15
15
42
42
41
29
22
22
24
24
24
7
7
31
31
49
49
49
1
13
34
34
34
40
40
37
37
1
1
1
1
31
44
44
24
9
46
18
18
15
29
1
39
17
17
18
18
18
18
18
7
30
30
43
5
5
5
5
5
28
28
27
25
25
25
12
11
9
9
35
33
33
33
33
33
33
50
50
7
42
34
34
34
38
8
8
46
46
46
47
28
2
2
34
18
49
49
49
32
26
26
26
26
38
29
29
15
15
15
45
45
35
35
2
11
11
19
18
32
32
32
40
40
29
16
2
2
13
13
17
28
32
23
23
22
43
43
43
