34
18
36
36
36
17
46
15
48
48
11
4
4
24
21
21
43
19
19
45
11
11
11
34
34
3
27
28
28
28
35
35
35
24
24
5
5
5
5
5
5
5
5
5
43
43
43
8
50
50
1
1
1
38
38
3
26
35
35
33
33
33
33
7
14
14
1
1
1
7
19
19
37
37
2
2
2
2
2
32
32
41
41
39
40
18
25
25
25
25
25
25
14
14
14
14
39
36
36
36
19
8
12
23
23
43
45
45
45
35
36
36
36
48
48
48
22
23
23
40
40
40
40
40
20
12
12
12
12
17
1
26
17
17
39
39
39
39
4
4
4
4
38
38
41
8
2
2
34
48
48
30
23
23
4
4
31
31
34
34
18
20
20
35
35
37
37
39
34
34
36
36
22
48
6
6
2
24
26
26
43
47
47
47
45
45
35
35
35
37
41
41
41
13
2
27
41
41
15
15
15
37
