12
12
10
32
16
5
22
22
46
46
46
46
46
21
49
19
19
32
32
2
5
1
1
1
24
24
24
24
13
13
13
44
40
40
40
40
6
23
13
13
13
13
13
13
13
13
13
40
24
24
36
36
36
10
9
21
14
14
14
14
14
14
26
26
26
26
4
38
40
49
49
49
6
6
36
13
2
2
2
20
20
23
23
23
7
7
7
7
7
14
50
50
50
50
50
16
36
10
35
27
11
11
6
6
6
34
34
34
30
18
15
15
36
2
2
39
39
39
39
30
36
7
7
13
22
14
14
14
14
14
48
48
20
19
18
2
7
7
11
50
46
46
22
41
41
41
41
41
15
15
49
49
36
36
24
24
5
5
42
12
12
19
31
42
23
12
12
12
12
12
37
37
50
33
33
23
23
13
50
50
7
7
21
21
21
46
46
4
20
20
14
14
14
14
14
48
10
10
10
43
43
46
