20
20
13
17
17
17
17
19
29
11
26
26
11
50
50
41
41
41
8
8
9
22
22
5
38
43
43
44
44
30
30
13
36
36
39
44
44
29
14
3
3
17
17
17
17
4
4
29
29
29
29
1
30
24
24
23
23
23
23
23
23
35
32
19
19
29
44
10
16
23
23
23
33
46
46
43
43
43
43
43
43
43
7
7
7
7
32
32
32
32
1
39
28
30
30
7
28
21
21
9
1
40
40
13
13
43
16
16
16
32
8
8
3
5
44
44
14
14
14
14
14
10
10
10
16
16
46
45
24
38
38
38
38
38
15
6
6
37
11
11
11
11
11
11
23
35
35
44
44
44
44
9
12
12
25
25
12
12
12
49
49
49
49
49
49
49
49
38
25
25
25
25
23
23
23
23
23
25
25
25
25
14
14
9
35
5
5
1
8
33
33
16
16
16
16
16
5
5
5
34
39
24
