32
32
21
21
42
42
5
48
31
26
26
36
36
36
2
37
37
43
43
47
7
7
18
17
27
27
13
15
15
23
13
13
13
13
43
43
43
5
5
45
14
14
24
34
41
9
27
27
27
27
28
34
21
10
10
22
26
26
26
21
21
46
46
46
46
33
33
30
18
18
43
43
2
23
23
23
23
23
4
5
5
5
5
5
28
28
27
44
44
44
28
28
30
30
43
44
44
44
44
16
16
16
16
16
9
9
9
9
9
27
27
27
34
34
26
37
37
37
37
37
37
37
37
37
37
37
48
30
30
30
30
8
22
22
8
8
2
33
33
33
46
46
46
46
46
5
5
5
38
38
38
5
5
5
6
6
6
40
40
40
40
40
40
40
40
21
21
31
34
34
34
34
34
34
28
28
9
5
5
5
4
4
4
34
34
34
9
9
6
21
40
40
40
18
15
15
33
33
4
14
33
33
