41
41
31
34
9
6
6
6
6
6
6
6
44
9
9
50
50
50
37
19
19
25
9
9
9
45
31
13
25
26
26
26
26
26
18
18
29
41
16
36
11
11
11
17
17
17
17
17
17
17
17
27
40
38
38
38
40
40
36
29
29
29
49
45
6
20
20
20
11
11
11
11
11
27
48
26
46
46
8
19
46
46
48
48
48
48
48
22
44
44
44
23
32
32
32
26
14
14
8
23
23
19
14
14
14
7
20
20
35
35
13
13
24
10
10
10
10
28
28
8
8
24
24
24
21
24
23
23
13
13
39
24
31
31
31
31
31
31
31
31
48
38
38
6
48
30
9
9
10
24
49
9
42
42
35
35
39
1
1
1
1
1
1
1
7
7
50
44
41
34
34
34
34
50
24
11
11
11
11
15
15
15
15
6
20
20
42
23
23
13
50
50
50
42
42
40
34
34
34
34
16
16
