14
14
14
14
14
14
1
1
1
10
20
32
50
50
50
50
35
45
43
43
6
6
13
13
13
13
13
50
24
24
40
41
36
36
36
36
24
34
34
34
46
46
3
28
28
28
28
28
31
31
38
45
24
18
18
18
40
23
23
8
47
17
49
49
49
5
5
5
15
15
46
46
42
42
42
38
38
35
8
8
8
47
7
30
30
30
30
30
30
8
4
4
4
4
9
9
16
16
16
5
5
21
21
21
21
46
18
23
25
25
40
40
14
14
14
1
1
12
12
12
12
26
41
41
41
41
23
23
23
23
28
28
46
1
1
26
6
26
26
26
26
39
39
13
13
12
12
12
12
35
1
1
10
10
7
7
7
7
50
44
44
44
44
44
44
44
30
22
22
25
25
5
43
35
8
32
32
13
13
39
39
39
42
42
45
18
18
6
9
9
44
44
23
23
23
23
23
23
2
2
2
2
