5
5
50
32
18
50
50
50
50
50
50
15
15
15
43
36
36
36
14
43
43
43
43
43
43
38
38
38
35
35
35
35
35
34
34
34
34
36
36
14
14
49
20
16
16
16
16
16
16
16
43
23
23
23
11
11
10
10
19
6
41
41
16
3
33
33
33
42
3
4
46
46
46
46
38
38
38
36
29
34
34
16
16
16
16
42
41
41
31
31
31
34
34
34
46
34
12
12
12
12
12
12
46
46
46
46
46
20
26
26
26
3
3
35
38
43
44
7
5
5
5
31
48
28
28
28
49
12
12
9
9
18
32
25
25
25
46
32
41
3
3
3
35
16
16
31
31
29
29
1
19
19
19
19
19
50
5
44
3
3
3
3
11
11
11
11
9
33
25
2
2
23
23
14
14
14
20
20
49
49
49
49
41
41
49
48
40
40
40
42
42
15
15
15
15
15
15
6
25
13
13
13
