9
17
17
17
17
17
47
41
41
41
8
26
37
45
15
41
26
19
43
7
5
43
43
43
43
36
36
8
8
38
38
38
7
20
20
38
38
38
38
38
38
38
6
1
7
40
40
9
11
24
24
24
19
19
19
19
1
37
39
39
50
46
46
33
33
49
49
3
40
29
29
1
1
1
1
33
5
12
42
33
33
33
1
1
30
2
12
12
21
21
16
6
6
6
6
27
27
27
27
27
27
17
44
44
48
48
48
48
11
11
28
28
28
28
1
1
1
1
1
36
36
36
47
19
19
33
15
15
15
38
38
2
29
29
19
19
19
19
19
23
23
23
23
7
22
5
5
37
45
47
47
40
40
2
19
19
19
19
19
36
13
13
41
13
15
15
42
2
2
2
2
37
37
27
20
22
22
22
22
44
44
44
44
1
6
6
6
6
45
45
45
48
48
15
15
11
40
40
50
42
27
27
