31
26
26
26
3
4
20
29
41
48
32
2
2
48
27
27
15
27
27
16
40
40
40
40
27
27
7
7
7
7
44
9
9
9
9
9
9
9
8
8
31
31
39
16
8
8
2
14
45
45
4
4
4
4
4
4
4
4
34
34
34
34
28
6
6
6
36
36
3
16
35
6
6
6
3
3
3
3
3
3
28
28
28
28
28
28
6
6
23
23
23
10
10
10
15
2
5
37
37
24
38
38
38
50
8
45
28
28
28
28
28
37
37
22
22
4
41
7
7
6
37
37
37
13
20
32
32
32
32
32
32
32
32
32
7
7
40
21
21
35
13
13
26
20
20
20
20
11
45
41
5
4
49
28
28
22
22
22
13
13
13
13
20
32
40
4
29
3
39
39
39
39
42
13
50
50
50
50
47
47
49
44
16
38
13
13
13
35
35
10
41
41
41
45
5
45
45
47
39
9
34
34
