31
34
34
34
34
10
43
33
21
21
41
50
19
19
20
38
1
1
1
2
2
2
34
5
5
8
32
32
20
20
15
20
20
20
39
39
12
12
12
12
12
17
27
27
41
31
31
38
34
34
34
2
2
2
14
14
14
14
14
14
34
1
1
1
1
1
25
28
28
4
39
39
11
19
19
19
6
21
21
2
2
2
2
2
24
24
24
25
19
19
19
19
19
19
19
32
31
31
12
12
12
12
38
47
3
3
3
32
22
2
2
26
26
45
45
45
45
45
45
40
40
1
19
19
19
19
50
50
50
12
12
12
33
24
47
29
29
29
29
17
2
2
9
7
30
9
5
5
5
2
2
2
5
5
14
14
14
34
6
6
33
32
25
1
14
14
14
23
34
34
23
23
23
23
10
46
36
2
2
2
10
25
25
25
25
17
17
17
17
17
24
39
49
49
49
2
2
2
10
46
46
46
