8
8
17
39
7
7
7
7
7
7
7
7
4
41
41
41
30
23
23
46
46
28
23
23
22
22
22
24
11
35
29
29
13
13
48
37
37
37
37
4
40
40
35
35
30
8
8
8
9
9
9
9
9
36
43
19
44
44
44
27
46
46
46
21
38
38
46
46
46
16
29
16
36
31
34
34
11
11
11
20
20
20
20
20
20
20
20
30
30
30
30
45
4
4
4
21
21
34
38
38
38
39
39
39
46
46
46
40
8
19
19
19
19
19
19
19
19
19
3
33
33
33
33
16
8
31
34
7
7
29
29
29
29
29
29
50
23
20
20
20
22
22
47
47
35
35
35
10
10
10
10
6
19
45
13
13
13
13
29
21
21
21
21
21
31
31
18
18
18
45
42
42
26
26
26
26
30
30
30
33
33
33
33
23
20
43
43
43
4
24
24
48
8
8
50
33
33
12
24
24
24
22
