7
41
2
2
2
44
38
38
39
11
11
2
2
6
6
6
6
6
4
16
16
35
35
35
44
31
39
39
39
41
41
6
17
17
17
17
37
37
8
24
24
24
24
24
24
24
11
4
4
4
7
7
7
10
10
10
1
1
1
1
32
9
3
3
22
24
24
24
2
2
2
2
4
22
47
47
47
7
7
5
4
20
20
20
26
19
19
19
19
11
43
36
36
36
36
36
36
35
34
34
18
18
24
24
33
34
47
47
44
21
26
36
8
26
26
26
38
1
1
1
1
44
44
44
44
44
40
17
40
40
2
2
33
1
17
17
32
32
32
33
33
43
48
48
48
17
14
33
33
31
38
49
49
49
26
44
9
9
4
4
23
23
23
23
23
23
23
23
14
20
20
17
43
43
43
43
43
43
43
43
43
48
38
38
14
5
43
43
27
27
20
20
20
20
20
20
20
20
42
42
18
23
