47
47
27
44
32
32
32
17
17
17
17
17
7
7
7
7
46
11
29
34
44
44
44
44
44
44
17
43
33
33
33
33
33
33
30
9
36
36
36
36
44
47
32
32
32
1
47
47
11
11
11
11
23
23
23
19
19
19
1
15
15
15
1
18
18
18
41
19
19
19
23
23
1
15
20
36
36
36
36
2
44
46
46
46
46
30
49
49
49
49
15
2
43
37
37
37
2
2
17
17
17
29
1
1
44
37
17
33
33
16
16
42
20
20
28
1
1
1
31
37
37
37
37
37
20
20
27
25
14
14
38
17
21
5
7
46
6
23
23
23
23
23
23
23
23
23
23
23
23
23
23
14
14
14
7
7
29
37
37
32
30
30
16
16
16
14
14
9
40
7
7
7
7
7
7
38
38
37
37
8
8
8
10
10
10
10
10
10
10
10
49
8
8
8
8
41
48
48
39
39
39
22
