1
1
1
43
43
43
19
19
19
19
19
19
21
38
38
38
38
38
8
40
40
36
28
28
9
46
46
46
46
46
18
18
18
24
24
24
24
24
24
24
24
38
38
1
1
15
43
43
43
18
18
18
18
18
18
35
35
5
5
42
47
15
18
18
47
18
18
18
18
41
41
25
37
37
37
37
37
24
10
10
23
23
47
47
8
17
17
50
3
3
3
14
14
14
49
30
21
5
5
36
36
12
12
25
42
41
41
19
19
19
40
48
44
44
7
7
7
7
7
33
1
1
1
44
44
48
35
35
34
25
25
25
30
30
30
30
43
43
43
43
43
5
43
43
11
11
15
15
26
47
47
40
13
10
10
45
9
14
14
9
47
13
24
24
24
30
30
30
30
11
26
26
26
26
26
28
28
14
14
6
6
6
19
17
31
31
45
10
22
22
6
6
3
24
24
24
24
20
20
46
43
46
