25
10
10
44
44
5
5
5
5
17
33
38
37
37
37
37
3
3
25
18
18
18
18
18
18
18
18
18
18
18
13
13
13
13
49
11
11
11
11
15
32
32
33
33
50
29
29
29
36
26
3
8
8
8
8
13
22
50
50
28
30
30
12
12
22
22
29
21
43
19
22
22
22
50
50
22
22
7
7
7
7
7
37
37
17
17
17
17
17
17
17
38
38
38
29
35
35
33
33
33
33
48
40
13
38
36
36
50
4
49
37
4
38
9
21
21
21
21
21
21
21
21
21
21
17
40
29
29
47
15
15
15
49
38
37
49
49
4
4
4
4
24
39
44
33
33
33
33
9
9
9
9
2
2
2
4
4
40
40
40
43
5
3
28
18
18
18
18
18
15
15
36
8
39
15
15
15
15
30
30
30
30
29
32
32
32
32
32
10
41
41
41
41
7
7
7
4
11
11
6
36
36
