16
29
29
29
42
44
44
5
47
27
27
27
11
11
31
31
31
31
28
42
42
42
2
2
2
39
39
11
11
11
48
48
32
2
28
17
17
17
10
10
10
10
10
33
13
13
47
13
13
13
5
5
5
43
30
30
30
30
30
33
31
31
50
18
18
18
18
18
49
49
39
39
28
48
48
34
34
22
22
22
22
22
22
8
8
31
16
23
21
26
18
18
46
46
39
14
5
5
37
37
37
37
37
1
4
42
42
22
40
18
5
28
28
31
37
43
13
13
45
13
47
47
1
27
39
39
35
35
6
22
16
16
16
25
25
21
20
26
41
41
31
31
31
31
31
38
23
23
33
33
36
11
18
42
42
15
15
15
15
15
15
45
45
44
12
12
12
12
12
12
12
12
33
46
46
8
8
8
2
17
18
18
22
22
22
10
1
42
42
13
13
13
13
34
29
29
29
29
29
29
49
42
