29
37
40
40
40
40
40
12
12
12
12
44
44
41
28
28
1
4
11
9
8
8
49
49
47
47
47
17
17
17
17
17
38
24
3
29
29
2
2
37
37
37
37
17
17
41
9
9
28
41
41
41
41
34
47
47
47
11
39
13
6
6
6
6
6
6
6
24
31
31
31
4
4
4
4
4
4
4
7
7
46
46
32
8
8
40
37
37
24
24
27
27
27
27
47
47
43
43
14
14
14
14
14
14
14
14
17
35
35
35
35
3
30
20
20
22
47
47
47
32
9
15
47
47
27
8
8
35
22
21
21
29
39
39
39
16
16
16
16
16
16
48
48
16
16
16
5
21
37
37
29
4
4
2
47
47
38
38
19
13
38
26
32
32
32
14
39
39
39
39
21
37
37
2
2
2
41
20
20
20
20
20
20
26
26
26
13
13
13
39
21
21
14
14
14
14
24
49
49
49
34
34
