50
50
50
21
21
21
21
21
26
14
14
28
6
49
21
21
31
14
14
14
1
20
20
47
47
43
43
43
50
42
32
5
6
6
39
39
39
39
39
35
35
35
35
2
33
9
9
2
12
36
36
13
45
45
45
45
13
13
34
7
14
14
48
48
48
15
40
40
40
37
37
35
8
13
13
13
31
16
16
43
43
43
43
29
23
23
23
35
35
22
22
45
30
18
18
18
18
32
32
32
31
31
7
25
32
32
49
49
41
26
28
28
26
39
3
3
24
32
32
32
32
26
23
23
6
33
33
33
27
43
20
20
4
4
20
40
32
13
22
22
33
33
33
33
33
42
42
7
7
29
29
14
14
27
27
23
29
43
43
43
16
44
42
8
8
32
32
36
14
14
14
3
3
17
17
17
24
7
11
11
8
49
25
25
25
44
44
23
23
2
2
34
34
34
34
7
7
7
7
7
37
37
