12
12
12
12
12
12
20
28
28
34
34
37
5
5
2
41
41
33
10
25
25
25
25
18
18
18
19
19
39
26
26
26
30
37
42
37
29
29
40
2
2
2
2
11
27
27
43
43
43
43
43
9
9
2
2
2
31
15
15
15
50
50
50
48
11
11
11
20
33
33
37
37
37
37
23
23
48
23
23
29
38
1
1
1
1
27
24
24
14
14
14
18
36
36
50
50
50
50
50
31
31
31
31
10
10
18
17
17
39
39
39
7
25
22
22
22
22
22
22
1
46
15
4
26
26
26
26
26
14
14
14
14
32
32
32
16
39
39
24
24
24
24
24
28
31
48
48
48
12
12
32
32
40
1
30
30
42
42
42
42
42
42
42
11
11
24
24
19
24
24
18
38
38
20
4
17
17
17
20
40
40
40
43
43
50
50
23
23
23
23
7
3
40
8
9
49
49
47
47
10
7
32
