31
40
40
40
40
29
9
9
9
9
7
7
7
7
15
15
20
20
16
16
22
31
48
8
8
24
33
24
24
24
24
19
19
39
40
40
40
40
40
40
40
8
13
9
15
15
39
39
39
8
41
41
11
16
16
7
41
17
17
9
9
36
34
29
29
29
29
2
2
42
13
29
33
21
3
29
29
29
46
46
1
1
25
4
4
46
46
17
24
24
4
42
42
42
42
38
7
7
40
44
29
29
48
48
37
37
31
41
41
41
19
41
24
24
24
24
10
10
10
10
2
2
9
19
19
19
19
38
22
22
22
30
30
11
15
12
9
26
26
26
26
18
18
8
8
8
9
9
14
12
12
11
11
14
14
14
14
3
48
48
11
11
11
31
45
45
24
24
24
24
24
24
24
12
12
12
12
13
41
41
34
48
33
5
43
11
11
21
21
21
21
3
3
3
3
3
3
4
4
34
34
34
