33
25
25
25
20
20
43
43
43
43
43
1
45
45
45
24
24
24
24
41
28
28
26
37
6
39
41
41
41
41
41
3
3
12
1
1
1
35
3
1
29
39
26
26
26
28
28
43
10
10
10
10
10
45
45
49
49
15
2
2
2
2
2
2
2
13
41
41
11
4
4
27
20
27
27
20
14
14
7
7
30
30
17
36
36
36
36
36
13
23
39
50
50
22
19
19
17
6
50
50
8
40
22
22
22
22
29
3
3
3
3
3
15
15
37
11
11
11
11
18
18
18
18
18
8
8
8
2
2
2
27
19
19
9
9
28
28
28
37
8
8
8
8
8
25
46
31
31
31
42
42
42
36
12
35
35
17
17
1
1
1
36
36
36
36
37
37
37
41
41
41
3
35
35
35
35
35
35
12
48
48
16
18
22
22
12
12
12
33
33
49
45
12
12
47
10
10
10
10
7
18
40
