24
9
9
9
9
9
18
18
47
47
34
41
11
33
50
50
50
50
20
25
44
44
44
44
49
15
32
36
48
48
21
21
39
39
28
28
28
28
28
28
29
36
15
20
11
11
8
50
49
43
43
43
2
9
9
26
7
5
13
27
27
27
31
18
35
35
5
15
15
16
16
31
32
32
5
5
5
40
40
40
18
39
39
39
39
39
39
39
32
32
30
30
30
12
23
21
7
38
38
38
28
28
28
28
28
28
44
44
50
8
39
10
10
10
10
10
9
8
24
24
32
32
32
32
32
32
35
35
35
35
35
47
17
17
17
36
33
33
47
35
35
35
23
5
5
5
5
8
43
10
10
10
10
21
49
49
49
49
49
5
5
26
26
26
26
26
26
42
42
7
7
22
22
22
50
50
50
50
29
29
13
2
2
47
5
19
5
5
5
19
19
40
28
5
5
5
5
5
25
25
25
25
