46
45
45
45
45
45
45
41
41
21
39
16
23
44
44
44
27
27
35
20
1
1
46
17
17
43
43
43
43
43
43
43
2
2
2
2
41
32
18
18
34
48
48
48
48
36
36
11
11
48
27
27
27
27
2
2
36
28
27
37
30
30
30
30
11
33
33
11
11
11
23
31
50
1
43
47
21
7
7
24
29
29
37
37
37
46
16
16
16
16
24
24
36
38
9
3
3
19
30
32
32
32
34
34
34
19
19
21
43
43
43
43
43
8
8
8
8
14
14
10
22
22
22
22
16
7
7
44
44
42
5
31
22
22
29
29
39
39
39
10
10
10
43
50
50
50
50
50
3
49
47
20
20
41
41
41
41
41
41
41
34
3
27
46
31
23
37
37
47
47
34
22
22
22
22
24
24
27
27
27
27
27
27
27
27
33
33
33
33
33
33
33
33
33
23
23
1
23
23
23
37
14
