47
47
47
47
47
47
47
47
47
13
13
34
34
34
22
22
45
45
45
45
34
45
41
5
5
5
5
45
13
13
16
16
16
17
17
26
31
14
14
1
42
42
42
42
42
22
50
30
30
37
25
25
3
1
38
17
22
22
32
32
32
32
48
48
48
48
48
48
23
6
6
6
6
6
40
40
40
40
40
3
3
3
3
10
47
47
47
47
28
28
41
2
21
21
21
21
21
21
21
21
47
47
40
40
40
40
14
23
23
23
23
23
23
23
32
19
9
9
13
30
30
30
42
35
35
36
26
5
5
40
35
20
20
20
36
36
36
36
36
36
36
22
25
25
25
25
50
13
13
25
25
17
19
39
7
33
33
38
31
31
31
31
4
33
33
15
15
40
20
35
23
28
10
12
9
21
21
40
50
50
1
1
19
19
38
44
37
25
25
46
10
27
49
49
39
39
39
39
39
39
39
21
