1
10
26
37
37
47
47
28
23
23
4
4
31
31
31
31
31
31
9
9
9
9
1
11
11
20
4
4
41
41
41
41
33
33
17
43
43
43
43
38
17
17
34
34
34
34
34
49
49
24
24
24
24
27
10
46
25
25
25
7
4
8
43
35
35
31
31
24
24
16
16
16
33
37
37
37
28
28
28
28
28
28
28
36
5
6
19
19
37
37
37
28
28
28
3
4
4
39
39
46
46
7
7
38
6
6
6
6
22
22
29
30
3
3
3
3
3
40
40
40
8
8
8
8
2
2
48
48
8
15
15
37
37
34
34
26
44
44
46
46
35
35
2
10
10
33
33
46
33
34
34
22
28
28
14
44
44
31
31
31
8
8
40
37
37
28
28
42
36
36
12
29
34
34
48
48
48
32
10
1
37
37
37
9
21
14
14
14
14
47
6
6
22
37
6
46
8
8
16
27
17
17
