44
25
32
32
39
21
12
11
11
11
29
29
28
46
4
6
6
46
46
8
8
17
31
3
4
45
45
45
45
45
45
33
33
33
41
7
44
44
33
14
3
3
3
16
16
25
25
25
25
14
14
32
29
44
44
44
13
36
36
49
49
49
29
3
34
50
50
6
6
6
6
6
6
7
7
39
48
7
7
7
7
19
31
31
2
2
2
12
4
37
37
37
12
20
29
37
37
47
47
47
47
47
36
3
3
3
11
11
11
11
34
34
34
34
2
23
40
40
18
18
18
10
10
10
10
8
8
1
36
28
36
50
44
44
42
42
49
30
13
21
27
34
34
10
18
32
32
32
9
49
34
5
12
6
18
13
13
46
46
46
30
30
26
48
48
48
48
48
48
48
48
21
21
12
12
12
12
25
8
36
33
45
2
2
2
35
35
35
48
21
21
24
24
24
23
23
17
17
17
32
32
32
