1
1
1
7
31
12
37
37
10
22
23
37
37
25
25
25
4
30
30
31
1
1
21
34
30
30
30
30
30
8
30
30
41
41
41
5
5
5
5
5
5
22
22
22
8
18
18
18
18
18
18
18
18
18
18
42
19
19
19
23
43
26
3
23
33
28
28
28
21
11
32
41
23
23
23
23
23
23
39
39
1
1
1
28
28
28
14
18
44
47
47
47
47
30
30
30
30
30
20
7
7
7
7
7
13
13
13
24
24
49
49
26
14
24
18
18
21
37
38
3
3
3
3
3
3
31
31
31
21
21
21
41
41
11
13
13
12
15
39
30
30
30
5
5
5
5
29
26
18
18
2
49
49
19
19
24
24
24
24
24
24
24
47
47
23
4
4
3
3
50
50
50
50
50
39
39
9
12
9
26
26
26
26
16
16
2
23
23
23
30
30
30
14
14
21
21
21
50
50
50
50
29
