29
29
18
24
27
27
27
27
27
27
27
14
44
44
44
44
29
7
6
6
6
20
20
20
20
50
50
13
13
13
13
42
42
9
9
17
17
17
17
17
46
2
49
8
33
46
47
47
33
33
33
9
45
20
20
33
33
9
41
33
22
22
19
19
19
42
21
21
21
21
26
39
39
39
39
23
16
16
32
17
17
17
17
17
22
22
19
19
17
17
11
33
33
21
47
16
16
16
16
16
16
16
2
2
20
12
50
1
1
1
47
5
50
50
50
50
50
8
8
24
24
24
24
33
26
26
14
14
29
29
29
29
44
44
35
25
8
28
28
28
43
43
43
19
12
24
24
22
24
13
13
13
13
7
32
32
32
32
18
18
18
25
25
38
38
38
14
14
39
9
15
15
42
42
46
2
2
2
39
39
34
1
38
1
1
40
40
40
49
2
20
20
20
20
44
40
40
46
20
20
20
16
