14
39
10
5
5
5
14
3
3
33
33
33
12
12
12
12
12
12
12
12
3
32
39
19
38
38
38
38
12
12
12
9
9
41
41
1
7
10
10
10
10
6
6
6
43
43
49
28
33
13
34
30
30
30
15
15
15
15
15
15
21
28
33
25
25
25
21
21
26
18
18
9
9
9
9
34
44
16
16
29
29
40
40
40
40
40
40
1
33
33
50
50
50
1
1
1
3
48
43
43
48
30
33
7
7
7
18
18
18
33
33
33
43
43
13
13
14
14
14
45
45
22
31
31
31
2
2
8
8
25
25
33
33
33
23
2
2
12
12
33
33
29
29
7
7
26
39
39
5
9
9
9
9
8
25
11
11
45
45
45
39
39
16
41
45
19
19
19
47
47
47
5
30
34
24
24
2
32
32
32
32
36
36
36
7
18
18
12
12
41
41
24
50
50
27
27
27
5
5
18
12
25
