26
3
10
12
9
11
10
49
23
24
24
46
46
46
24
24
24
30
30
30
30
34
34
34
11
11
11
11
42
42
42
42
42
42
31
31
10
10
10
10
10
10
10
10
31
48
48
26
26
26
26
26
17
42
42
4
4
4
1
1
30
30
30
2
49
10
10
10
10
22
2
46
7
7
44
44
32
48
33
33
26
26
26
32
41
8
47
42
5
22
39
39
30
30
22
22
30
47
47
50
29
29
33
33
4
4
4
4
8
8
8
21
21
47
47
47
31
35
50
50
50
45
45
45
45
19
19
8
8
18
9
9
36
36
36
4
10
34
4
22
3
8
43
43
43
8
8
8
38
38
38
38
38
38
38
37
37
49
35
38
25
25
25
14
14
45
45
12
16
3
3
3
26
19
19
35
35
9
24
14
14
14
14
2
2
41
41
48
48
48
48
48
48
11
36
44
44
44
12
12
13
13
