16
16
16
28
28
28
23
23
16
43
43
15
15
9
9
9
9
9
7
7
38
38
44
11
2
2
10
10
10
16
16
36
36
31
31
42
42
42
42
42
42
42
42
42
38
38
4
4
4
25
25
47
47
47
47
47
47
36
36
43
13
13
13
11
11
11
11
35
35
35
35
9
9
7
7
7
12
16
16
16
30
38
3
20
14
6
6
32
1
1
12
12
32
32
32
33
33
43
29
29
28
28
28
21
21
18
18
33
43
42
34
32
24
24
24
29
20
43
43
43
37
37
37
37
37
37
13
38
47
47
33
33
33
15
15
34
11
11
35
35
28
28
28
28
35
23
27
17
17
30
30
30
30
35
32
15
15
15
15
19
32
7
7
31
31
44
44
44
44
44
2
2
25
19
11
32
24
24
18
12
48
48
48
48
33
33
37
37
37
37
37
11
33
33
46
46
46
46
46
18
18
18
