10
10
10
45
45
43
18
8
8
18
18
18
12
12
15
15
32
20
29
16
16
21
21
21
21
21
21
21
8
8
8
8
8
8
20
20
20
2
34
34
34
34
36
33
33
28
6
6
13
17
26
50
11
11
50
39
11
13
21
21
9
11
11
11
9
16
16
16
16
32
32
32
7
7
21
29
47
13
28
28
28
28
42
27
33
33
7
7
7
18
8
8
8
8
43
43
37
37
37
32
13
13
26
4
4
4
28
47
47
42
37
37
32
6
14
14
14
14
28
28
28
28
28
7
20
5
5
44
3
3
36
20
7
50
42
42
1
1
1
1
17
16
16
31
31
33
33
50
29
28
28
27
26
26
26
33
33
33
33
9
7
5
29
29
8
8
8
49
12
28
28
28
28
28
28
28
50
9
9
9
40
38
24
37
31
17
45
45
33
33
33
18
18
42
33
39
39
39
39
39
48
48
