25
25
25
27
14
1
33
1
11
11
49
49
23
23
39
21
21
11
11
11
19
46
34
7
7
7
7
27
27
34
34
12
12
12
12
36
36
27
27
45
18
18
18
2
2
2
47
47
47
13
13
6
6
9
9
37
37
37
38
38
38
23
4
10
10
10
23
23
10
10
10
9
39
39
39
1
1
1
1
1
1
9
9
9
16
4
41
12
12
12
12
49
49
49
13
38
38
38
38
30
20
20
3
38
11
2
39
25
34
34
38
36
50
50
20
20
35
35
45
13
13
45
45
21
21
21
28
45
17
29
40
26
26
41
41
29
29
29
29
8
33
33
33
48
48
48
33
33
33
33
33
8
8
23
23
23
18
27
44
44
26
15
50
50
50
50
50
50
21
16
16
16
29
36
36
36
36
36
36
31
31
28
11
11
5
12
40
40
40
48
48
48
32
32
32
37
37
12
12
12
12
41
