37
37
37
37
11
11
3
3
41
43
23
20
20
39
39
39
39
39
39
22
22
22
17
17
17
29
48
31
17
17
47
45
45
45
30
30
30
30
30
30
11
11
11
48
27
27
27
27
29
29
43
43
1
1
1
1
1
19
20
20
20
47
47
8
8
8
8
36
8
8
44
44
4
4
21
27
8
3
22
31
31
31
31
31
9
9
49
49
49
49
49
15
27
27
7
21
8
8
36
20
20
20
20
6
6
25
42
42
12
12
12
12
12
12
12
17
11
11
11
11
11
11
9
42
4
4
4
48
44
44
44
44
18
36
36
36
41
41
20
2
2
2
2
20
7
11
11
11
34
11
34
34
25
25
25
25
25
25
16
16
12
3
3
3
39
39
2
40
6
6
6
21
21
24
24
24
38
38
20
20
20
20
27
27
3
3
3
44
31
10
20
1
47
47
47
23
23
23
40
12
2
2
