2
2
2
24
24
25
30
9
9
9
4
4
33
7
30
30
35
35
43
38
38
19
40
40
40
20
24
24
24
29
4
4
6
6
6
6
25
18
19
19
19
26
29
4
4
27
48
48
46
19
22
22
43
43
43
43
43
6
24
18
46
37
6
26
26
26
26
26
37
37
37
45
45
45
12
12
12
41
41
41
45
45
45
24
24
24
24
24
24
24
24
48
2
1
1
21
32
32
15
15
15
15
12
34
34
34
34
35
36
15
27
45
24
24
24
24
39
39
21
1
1
1
13
1
1
1
19
19
31
31
31
11
39
39
39
39
39
39
5
4
4
4
4
4
13
13
7
7
41
41
39
46
46
46
24
8
8
8
17
17
42
42
42
17
20
36
36
27
1
1
22
22
14
47
47
15
15
11
4
4
4
4
12
41
41
22
22
46
7
13
13
13
10
10
13
39
39
20
20
12
44
44
