24
15
15
50
47
48
48
29
29
3
25
21
21
21
21
21
9
9
18
31
5
5
5
47
34
39
43
25
25
30
30
30
7
50
15
42
13
24
24
31
16
44
32
1
1
35
36
6
29
29
13
13
46
38
38
4
41
41
41
41
11
11
11
11
16
16
44
13
13
32
11
11
27
27
27
10
10
10
38
38
8
8
24
24
4
27
24
24
45
45
45
45
45
45
31
31
31
35
35
48
48
48
48
11
11
21
21
21
21
36
36
37
23
23
23
23
35
24
24
39
20
29
34
34
34
34
24
24
24
24
24
24
24
9
30
30
30
30
16
18
2
2
43
43
43
43
28
28
20
5
5
11
11
11
11
11
45
18
18
34
26
3
3
3
3
41
49
49
49
8
33
33
30
36
14
46
38
38
3
2
25
45
44
1
22
22
36
8
8
8
31
31
15
32
43
3
28
28
28
35
35
48
