7
26
25
19
19
19
4
4
4
14
15
13
13
13
20
20
20
25
25
12
12
12
12
12
2
2
2
4
4
48
48
48
48
42
42
42
42
42
42
42
42
30
30
30
30
30
30
30
30
30
37
37
37
37
37
37
37
34
45
28
33
33
33
9
9
9
9
9
9
40
40
14
10
10
6
30
18
18
18
29
30
30
42
47
16
16
16
7
3
25
23
23
23
23
19
19
19
1
30
30
23
23
23
25
38
38
30
26
50
41
41
41
41
41
13
13
13
13
13
4
4
31
31
4
45
45
45
39
49
32
32
32
32
32
5
29
2
2
2
9
9
36
36
36
38
38
47
47
8
8
45
32
32
50
50
27
27
4
39
39
39
2
2
2
2
2
26
26
26
26
25
25
27
27
27
27
8
8
8
9
9
9
9
38
38
30
30
30
25
42
42
39
39
25
25
23
23
47
47
47
47
47
