25
25
25
21
12
1
1
22
27
13
34
34
44
44
45
17
17
6
6
6
23
23
23
33
33
33
9
9
40
35
22
45
12
11
16
19
19
19
48
48
48
19
19
10
10
10
10
10
14
26
46
46
15
15
20
43
16
26
26
26
47
47
47
47
22
17
17
17
17
17
7
46
34
34
34
34
34
34
34
9
45
45
45
31
10
25
25
25
25
25
9
8
3
2
41
41
41
46
46
40
24
5
5
5
5
5
11
26
36
36
26
26
26
50
44
44
20
25
25
25
25
23
23
28
11
11
29
29
41
17
19
19
19
19
19
19
19
19
19
10
10
10
10
50
47
42
42
45
34
34
25
25
25
25
11
21
47
16
16
48
49
49
28
4
4
49
49
34
33
33
33
33
33
1
29
28
28
41
29
29
30
24
24
24
24
10
5
39
40
40
10
10
21
21
21
21
33
33
30
23
23
23
