40
42
42
28
29
42
42
42
42
48
10
10
9
11
20
20
20
28
25
25
7
11
11
27
27
45
45
45
44
44
44
44
44
2
2
2
5
39
39
39
39
24
24
24
30
30
4
21
21
35
1
34
34
34
34
34
24
24
35
35
7
28
44
44
44
44
13
13
13
13
36
45
46
46
29
29
17
17
17
24
10
14
14
14
14
14
45
45
9
12
38
11
11
11
11
19
3
3
3
49
1
1
2
2
2
5
25
25
19
50
49
49
26
26
26
4
25
22
29
29
29
29
29
29
29
38
38
35
35
35
35
39
43
43
43
18
35
35
35
48
48
48
44
23
23
43
43
43
43
45
47
17
41
29
29
42
42
42
42
42
42
42
39
50
5
47
47
49
27
10
10
10
13
13
12
12
50
17
32
32
5
27
27
37
37
37
36
40
40
40
40
40
5
5
5
5
12
12
35
35
6
47
