14
14
14
14
14
10
10
10
10
32
39
39
20
20
5
5
11
11
39
46
26
8
41
41
41
41
41
12
42
36
36
36
22
28
39
20
20
20
17
4
4
19
29
29
29
29
4
18
21
21
28
37
35
22
2
2
2
27
27
27
49
49
24
24
49
49
49
9
9
9
45
11
45
45
22
6
6
6
6
6
35
35
35
35
28
15
15
27
5
12
12
23
23
18
42
42
42
42
5
7
7
7
7
7
48
48
30
30
30
20
25
25
30
30
5
5
1
1
1
1
6
6
6
6
6
7
7
4
4
47
47
15
15
15
15
15
15
15
50
28
21
5
5
14
14
14
47
46
46
28
8
8
17
17
17
9
9
34
24
23
23
24
32
32
32
8
8
28
28
28
28
4
4
4
4
4
30
30
30
46
46
7
7
41
12
15
15
18
18
18
18
20
30
30
15
15
14
30
30
30
30
11
