17
4
11
11
11
35
39
39
22
22
47
1
1
1
33
33
33
7
7
4
4
29
2
22
45
43
43
5
38
38
38
38
38
40
42
42
49
49
2
8
8
8
10
21
7
3
3
23
44
50
12
40
40
40
22
22
22
49
49
49
11
11
11
45
18
18
18
40
17
17
17
24
24
45
45
45
45
45
45
45
45
20
35
35
35
11
11
33
33
36
36
6
6
6
6
36
50
23
23
50
50
25
25
25
34
24
16
17
17
17
4
9
40
41
41
41
41
41
41
27
4
4
4
4
4
4
4
4
4
4
4
4
4
4
4
4
47
5
15
32
21
19
42
42
42
42
42
42
14
14
50
33
12
44
44
44
15
18
18
18
14
14
14
14
42
10
10
9
30
6
15
27
27
19
21
21
40
40
40
40
4
24
13
34
34
32
32
32
50
50
29
29
29
29
29
46
46
8
22
45
45
13
