12
12
12
40
3
19
19
19
4
4
24
47
14
33
20
20
20
20
48
9
37
42
36
2
39
27
5
5
5
27
27
27
27
27
27
39
39
12
12
12
12
10
12
12
49
25
37
8
8
8
8
22
22
27
16
16
16
16
16
8
8
8
8
30
26
26
5
5
5
12
31
8
8
10
10
38
39
45
2
42
42
31
31
31
31
31
39
47
49
8
50
50
50
32
5
5
14
22
22
46
46
14
14
50
50
50
9
9
6
28
13
13
38
33
33
41
41
41
4
4
4
4
47
47
47
24
48
18
18
16
25
46
46
45
27
18
16
16
16
6
6
6
6
6
6
29
29
35
35
32
25
25
41
41
41
41
2
14
13
13
13
13
13
13
13
7
3
3
29
29
29
7
7
7
24
24
24
24
50
12
9
9
8
30
30
27
27
38
15
38
34
21
42
50
50
50
18
18
46
38
2
2
