35
35
28
28
28
28
8
21
26
26
29
42
47
47
39
39
39
33
16
16
14
14
1
1
1
1
47
47
25
50
24
28
50
50
8
8
8
7
7
30
50
50
34
34
45
45
45
45
45
40
40
14
29
29
29
48
48
28
28
28
28
28
5
27
36
37
37
37
37
10
10
36
32
45
12
13
13
13
26
35
35
35
35
39
39
39
39
19
43
43
4
4
22
22
50
50
36
36
25
25
25
13
35
35
35
24
24
25
25
25
25
25
25
25
25
38
38
38
4
4
4
4
4
4
39
24
24
2
17
17
27
27
22
49
49
12
1
1
7
29
46
46
44
29
29
29
17
41
34
27
50
50
5
19
48
48
36
36
16
27
3
3
3
3
3
3
5
5
5
5
5
5
5
5
48
19
33
16
16
16
16
16
27
18
18
11
25
25
25
25
31
31
47
33
33
33
33
33
14
22
43
45
