40
37
37
37
8
8
1
3
32
32
38
20
20
20
20
20
20
20
20
47
16
16
16
4
4
33
13
12
26
20
47
5
6
28
23
23
46
46
44
39
40
14
18
2
33
33
21
28
10
10
10
25
38
25
25
41
41
41
9
9
13
13
40
21
22
16
16
16
16
23
13
1
1
1
1
19
34
30
8
40
33
43
42
12
12
12
12
46
46
23
23
24
13
30
45
45
46
7
7
29
29
40
12
13
13
49
18
43
43
15
35
33
48
20
14
14
14
14
40
31
31
44
44
43
43
43
43
42
42
42
42
42
42
36
31
31
31
47
25
25
36
36
36
45
45
45
20
20
20
31
8
8
8
8
5
27
27
27
25
25
25
25
25
10
10
11
37
40
34
34
4
9
9
9
10
31
28
47
7
7
20
20
29
29
29
29
37
37
37
37
37
37
5
5
3
50
50
50
50
50
29
13
