27
27
27
7
7
7
20
20
2
36
36
41
50
50
50
50
18
5
20
20
10
18
12
44
17
17
17
28
37
34
34
43
43
43
43
6
46
31
31
22
20
39
39
27
1
1
1
1
49
14
2
2
15
15
15
36
36
36
44
49
8
15
22
22
22
33
24
24
24
33
33
33
50
50
50
34
36
36
50
20
20
20
20
33
33
33
15
31
31
41
41
41
47
31
45
27
27
17
17
17
15
21
12
12
36
36
36
42
41
35
14
44
30
30
50
45
45
45
45
45
45
45
45
34
34
34
34
34
34
34
36
36
17
17
9
9
9
9
9
22
45
45
42
42
40
50
50
37
37
42
42
42
42
2
37
17
46
28
18
35
11
43
13
8
8
8
38
38
40
40
40
40
47
47
47
7
7
7
7
7
39
36
36
36
50
47
20
19
36
36
50
50
50
50
50
50
50
50
27
4
22
46
