34
19
19
11
11
44
44
6
6
38
38
31
31
31
5
5
12
35
34
16
39
48
29
29
33
26
11
13
38
9
9
9
50
50
11
11
11
18
18
18
18
18
3
26
47
23
23
23
11
15
24
20
20
20
23
2
19
19
19
19
11
11
13
13
7
7
7
15
15
15
15
15
34
34
14
28
28
38
38
38
15
15
15
15
15
15
15
15
15
29
29
44
39
39
45
31
33
33
9
25
46
21
2
9
9
9
15
47
7
11
11
11
27
27
20
34
34
3
3
10
10
8
8
50
21
42
16
10
10
11
11
22
22
27
27
48
15
15
50
34
44
13
11
20
26
26
26
26
26
26
11
25
42
50
50
49
49
49
15
30
6
6
6
6
6
45
29
29
14
14
14
14
25
36
36
36
36
41
41
41
41
38
38
13
13
13
13
8
14
14
13
19
19
21
17
17
10
15
15
15
1
1
