25
7
7
7
15
29
29
29
29
29
18
18
18
18
40
28
28
34
48
41
11
49
21
21
21
34
21
21
40
21
21
26
20
2
2
2
46
46
15
15
43
25
8
18
18
18
18
37
45
20
26
47
29
29
29
29
29
15
35
35
37
37
20
20
20
22
22
22
33
35
49
20
44
13
38
16
31
31
31
2
8
8
8
28
28
20
22
22
22
17
35
29
29
20
20
20
44
24
4
4
5
5
3
3
24
37
37
37
10
10
11
37
37
19
19
35
35
40
40
45
45
45
45
45
16
29
29
29
18
24
48
48
48
48
27
27
38
33
41
18
18
18
18
42
42
42
11
36
36
36
36
36
36
19
36
36
15
15
21
21
21
32
32
32
32
29
29
29
7
7
7
40
6
6
41
41
41
42
1
1
1
50
31
1
1
46
28
28
28
28
28
22
22
12
12
40
19
19
26
26
10
11
