5
4
4
5
15
49
28
28
35
35
5
20
20
20
20
20
11
49
49
16
16
16
16
16
16
16
16
35
22
22
47
47
22
33
12
12
29
29
5
5
5
15
31
31
16
5
27
27
6
26
26
26
46
46
46
4
4
4
19
19
19
13
20
20
20
25
25
38
17
7
49
24
9
27
27
33
44
44
44
1
35
35
42
42
42
12
12
47
47
47
47
47
47
3
3
40
33
30
22
11
11
11
50
36
36
36
36
48
48
17
28
28
28
28
14
1
49
49
30
27
7
7
7
7
43
23
43
17
17
22
22
22
31
28
28
25
25
15
15
15
15
47
47
47
47
47
25
1
1
27
27
27
27
27
27
27
23
46
21
21
21
11
8
8
8
4
4
5
5
25
7
16
50
1
47
47
47
47
2
8
35
44
33
33
37
37
48
48
27
27
12
12
39
39
39
39
39
14
14
8
8
44
