3
42
42
42
42
42
42
42
42
25
25
25
25
22
8
8
8
13
13
13
46
46
45
45
45
45
1
1
1
48
48
48
17
43
23
39
25
22
40
20
20
18
18
18
40
40
24
24
32
32
38
31
31
31
26
33
33
33
2
33
18
20
20
39
6
6
8
8
50
47
47
47
11
11
27
27
3
34
9
9
10
31
31
39
39
39
40
40
40
40
43
43
16
43
44
50
46
46
26
26
6
31
1
16
27
27
27
27
27
27
37
48
48
27
27
27
27
7
7
1
1
33
13
13
13
33
1
1
6
6
1
30
30
15
26
26
13
13
13
13
13
31
31
35
42
42
42
42
27
17
12
12
12
12
12
12
24
31
31
50
27
27
27
50
49
49
49
49
49
32
32
34
34
34
34
41
41
34
44
19
2
2
2
3
3
33
33
15
46
21
48
3
3
41
41
41
2
17
16
11
50
50
