5
5
5
30
6
6
43
26
26
41
41
23
3
48
8
8
8
23
16
10
15
40
40
40
40
40
40
40
35
2
2
28
28
28
28
3
46
46
45
45
45
29
29
29
29
29
29
23
16
24
24
30
3
15
35
35
31
31
31
31
31
37
37
37
1
8
8
8
25
25
8
12
39
44
49
49
49
14
31
40
34
34
1
1
1
1
19
37
37
24
45
29
34
34
34
14
32
6
6
40
36
36
36
7
7
35
35
35
1
1
6
28
23
23
23
11
25
40
40
6
30
50
50
33
33
31
15
15
15
28
21
21
35
35
9
9
9
42
49
49
25
25
25
46
25
11
11
37
43
43
10
40
40
50
26
26
26
31
31
6
27
27
9
12
47
35
35
15
12
12
24
24
42
42
42
42
7
7
9
9
9
1
1
37
37
37
5
5
5
5
39
25
21
21
7
32
32
43
43
10
10
10
