15
15
26
39
39
36
36
29
22
31
31
31
31
31
31
10
48
48
43
43
30
30
30
32
18
18
33
33
13
13
27
27
12
30
30
30
30
50
50
48
48
48
36
36
36
31
31
31
31
35
35
30
8
8
8
8
8
8
48
25
13
13
13
13
13
45
45
18
18
18
18
13
26
26
22
1
20
20
20
20
20
20
20
20
50
50
50
50
50
19
46
19
25
13
6
6
6
6
6
11
36
40
36
36
11
22
18
1
1
12
30
35
48
10
10
47
47
47
47
47
47
50
46
46
46
36
48
48
13
13
6
6
27
19
19
19
19
27
45
45
15
15
44
44
30
17
17
17
33
29
29
39
39
20
20
25
25
25
36
36
15
39
6
28
28
13
41
41
41
8
8
33
10
14
14
29
28
28
6
6
6
6
32
12
12
12
45
34
34
11
11
5
1
31
5
27
27
27
27
16
15
3
