7
39
50
50
43
20
20
20
10
13
13
13
34
34
34
18
27
33
33
33
43
43
15
15
46
45
17
42
13
7
7
7
7
45
34
34
5
25
15
42
42
46
50
35
46
16
16
16
16
16
30
22
38
40
38
9
9
9
9
9
30
30
23
20
20
26
26
12
8
27
27
34
5
5
5
41
41
28
28
28
28
33
33
48
36
12
12
12
39
24
49
35
2
2
2
2
7
6
22
22
22
22
22
22
3
3
3
3
38
38
20
25
22
22
27
7
7
10
10
10
10
10
10
10
39
50
50
31
17
27
12
48
48
48
10
11
20
20
20
12
12
12
12
18
18
12
12
4
4
44
44
44
44
39
39
39
41
41
41
29
29
25
48
4
9
9
3
7
7
7
7
13
13
27
27
44
45
38
38
6
6
6
6
6
6
14
29
37
37
37
1
1
1
47
16
16
16
16
16
30
30
2
