40
29
11
11
42
40
21
21
47
47
47
47
47
47
47
47
47
5
5
5
48
48
46
47
47
47
47
17
1
29
29
29
40
40
7
7
35
33
24
13
43
43
40
36
36
1
34
34
49
49
34
39
47
23
50
29
29
29
29
17
17
2
2
30
45
45
16
16
16
16
16
40
4
3
3
3
36
34
49
41
41
41
46
46
16
16
16
35
12
12
12
12
5
33
24
24
50
29
35
35
35
43
43
43
18
11
11
10
11
8
8
8
23
5
5
16
48
36
36
36
41
41
41
41
41
41
29
10
42
42
42
42
31
31
31
31
31
31
31
21
21
21
22
20
35
35
2
33
10
10
6
6
6
6
6
11
15
8
10
47
47
47
18
22
48
48
4
32
32
32
32
32
32
9
9
9
49
49
49
49
49
13
21
21
21
21
12
9
17
17
17
21
21
21
46
12
12
12
30
7
7
18
