37
37
37
37
41
27
27
26
17
26
28
28
50
50
50
34
35
39
39
25
25
25
25
25
25
17
28
28
17
5
16
16
16
26
26
46
49
49
44
30
35
47
47
12
4
4
6
6
35
35
35
50
45
45
45
45
31
10
1
31
24
26
24
21
10
34
34
46
28
14
36
36
36
8
8
8
8
8
46
46
46
6
6
15
19
19
16
45
45
45
45
45
18
18
18
18
10
48
19
19
44
26
26
19
33
33
33
14
14
21
21
36
36
1
1
45
45
45
8
18
18
18
18
18
25
8
8
8
8
46
46
46
46
46
46
11
11
11
6
38
38
29
29
29
29
29
5
5
32
25
25
25
24
6
16
16
16
16
16
2
2
2
2
2
2
15
31
4
4
4
4
33
24
24
24
22
8
8
32
9
9
9
9
9
31
42
42
42
42
10
10
15
15
15
23
23
5
5
39
39
39
18
