23
48
10
3
3
3
6
6
6
6
6
47
47
47
44
44
25
25
25
44
44
15
15
9
9
4
4
26
26
45
45
45
20
20
20
5
45
22
35
31
31
31
31
31
4
4
4
5
17
17
17
16
16
1
39
39
39
45
45
45
45
50
24
24
2
22
22
22
39
11
11
11
11
11
37
39
39
20
20
2
2
2
23
23
4
4
49
49
49
33
33
33
36
36
36
36
43
43
44
44
44
5
37
37
34
40
40
40
40
40
40
35
35
35
35
27
27
27
27
27
27
27
21
17
19
15
15
15
15
15
15
15
45
15
39
39
23
23
37
37
37
22
22
22
22
22
26
29
29
41
41
41
41
1
38
38
38
38
38
38
38
9
5
5
5
33
33
14
48
13
13
13
13
13
24
24
23
23
17
17
17
17
30
30
30
30
43
43
43
13
13
13
13
32
32
32
32
3
44
44
44
34
