4
40
44
17
7
7
48
48
50
50
50
13
11
11
11
40
40
27
27
27
47
49
49
8
8
24
7
32
23
23
32
15
15
42
41
41
41
41
41
41
6
39
39
39
17
42
18
18
18
18
18
18
23
9
9
8
8
19
19
30
30
7
3
3
38
16
16
16
49
49
49
1
1
31
50
50
50
50
15
49
49
45
45
12
5
5
5
5
5
5
3
3
3
12
11
11
11
11
11
11
30
30
16
35
16
34
23
23
23
23
20
46
46
39
39
40
8
44
44
22
2
2
39
50
50
50
50
48
48
48
7
7
7
7
7
1
1
1
1
36
40
1
1
1
19
19
39
39
39
32
32
32
47
47
47
35
13
18
18
20
35
44
23
23
50
24
24
8
8
21
21
42
28
31
26
26
26
28
28
28
1
26
43
43
40
40
40
40
43
29
29
29
9
9
9
9
9
46
33
33
47
47
