31
17
17
25
25
25
47
47
47
11
11
41
36
22
18
9
38
31
31
31
38
38
21
15
47
47
47
47
47
18
18
43
22
50
36
23
23
23
26
26
26
26
15
15
15
42
39
16
16
16
16
16
5
5
5
39
39
39
39
39
47
47
22
27
27
27
27
27
27
23
23
23
23
23
5
33
32
32
32
32
32
11
11
11
11
11
10
10
7
18
39
20
20
20
20
26
26
26
6
6
6
6
6
6
5
5
14
14
44
44
45
42
42
42
42
9
41
41
41
3
5
30
39
41
39
31
5
27
27
27
27
4
49
49
47
5
5
28
28
28
28
28
28
28
13
29
29
29
31
26
31
2
2
2
3
36
9
32
7
4
44
2
2
6
20
20
32
14
25
29
29
27
27
4
4
4
47
13
13
31
31
27
27
27
36
50
28
28
50
50
50
50
40
13
16
16
16
16
49
49
33
33
