30
16
21
21
31
31
45
45
45
4
27
27
27
32
32
32
32
1
42
42
26
12
5
37
7
30
13
13
13
13
21
21
21
11
48
14
31
34
34
25
12
12
12
27
27
30
30
30
30
30
3
37
38
38
38
38
38
16
16
42
38
16
3
27
27
27
27
39
31
25
3
3
3
19
31
44
47
2
2
27
27
36
30
46
46
32
32
32
32
32
32
32
32
32
32
4
4
1
47
36
36
36
36
36
36
31
10
10
47
3
50
23
23
23
46
1
1
1
15
50
12
12
22
4
4
24
3
35
30
42
42
26
27
28
8
46
46
5
5
5
35
35
35
35
35
35
35
35
34
34
34
38
8
8
8
8
12
46
46
46
43
18
18
44
27
45
4
4
4
21
21
21
20
41
17
42
38
47
49
7
27
27
28
28
28
9
9
9
9
9
43
43
8
8
22
22
18
18
18
8
43
43
