42
42
1
16
16
16
16
6
33
5
5
5
5
5
35
35
35
11
11
33
33
33
38
38
38
30
30
30
12
12
12
2
2
2
40
6
44
44
41
41
41
33
33
33
33
33
2
2
2
2
6
4
24
24
19
19
19
17
33
33
33
33
33
47
47
7
7
33
33
33
33
33
33
33
45
45
45
45
45
42
42
42
46
46
46
46
47
1
35
35
35
33
33
33
33
29
29
20
32
12
12
31
23
23
23
23
23
23
34
5
5
5
5
33
33
33
3
3
29
29
29
44
9
9
37
37
37
37
37
34
21
18
18
48
2
28
28
16
22
50
50
36
36
49
50
45
28
1
15
34
34
6
6
6
6
6
41
41
49
49
10
10
10
10
10
10
10
16
31
48
48
48
44
22
22
2
2
3
11
11
11
11
16
44
42
30
28
28
43
48
48
29
29
38
38
38
40
40
40
40
7
5
