17
19
19
6
6
6
37
46
46
41
41
1
11
11
11
11
11
17
46
46
46
39
39
35
48
29
8
2
17
24
24
7
7
13
13
47
47
47
7
22
7
7
1
1
14
13
13
13
10
10
23
23
23
33
29
29
29
28
28
16
25
48
26
41
41
41
31
46
24
26
26
29
35
34
34
14
27
1
1
21
21
18
18
7
7
5
5
36
29
20
10
20
20
20
20
45
45
45
17
44
44
44
44
44
44
44
44
33
3
19
19
34
34
34
34
34
12
12
44
44
44
44
44
44
44
19
19
19
32
32
10
41
38
38
21
21
3
20
50
50
35
32
31
37
50
43
42
42
42
2
2
20
48
19
47
19
19
19
19
14
4
4
4
4
4
4
44
4
20
20
20
20
20
47
47
17
17
44
44
1
20
3
35
35
5
41
41
15
15
15
15
15
26
26
26
44
44
13
13
13
11
11
