4
22
15
15
15
15
15
46
7
7
11
11
11
40
40
3
13
13
31
31
31
12
12
9
35
35
22
22
22
22
22
22
22
22
22
26
36
36
36
36
36
12
28
34
34
10
10
10
26
23
16
16
16
16
16
16
16
16
16
16
16
8
8
8
8
9
9
9
49
40
40
40
21
7
7
43
43
43
6
49
6
15
11
11
39
33
33
33
33
49
37
37
41
25
25
25
25
23
49
41
41
41
12
9
9
14
14
14
20
20
23
6
6
23
23
23
23
20
42
30
30
30
30
30
4
4
25
33
33
39
39
48
48
48
48
48
48
28
42
42
42
47
47
47
47
47
47
5
5
30
30
4
44
25
25
25
37
37
39
39
39
40
25
1
1
30
44
44
44
38
8
8
14
14
14
44
20
20
20
20
38
38
5
5
5
5
5
15
25
25
30
30
30
30
30
11
11
37
37
37
37
37
