32
32
47
17
17
33
33
33
6
6
6
6
6
6
6
49
49
48
48
5
8
45
45
26
27
27
32
32
32
49
49
49
37
7
15
16
16
44
3
3
3
26
23
23
23
23
23
23
23
23
41
41
48
48
48
40
22
22
39
39
31
7
49
37
37
4
4
50
43
45
45
39
39
4
28
28
28
25
25
26
26
26
5
5
5
24
7
14
14
38
38
5
9
34
34
17
39
47
22
30
30
30
4
4
4
11
11
11
11
31
31
31
31
31
9
25
25
35
35
50
50
50
50
50
7
7
7
50
50
50
14
40
40
40
19
49
49
49
37
30
30
30
30
30
30
45
45
29
29
31
31
31
31
31
31
31
12
12
12
20
20
32
21
21
21
21
44
43
46
21
7
43
11
11
2
40
40
29
7
7
8
8
45
5
19
19
3
45
45
45
20
25
25
31
31
31
31
31
31
21
35
27
