40
25
25
20
6
41
41
33
33
33
33
33
45
24
24
22
14
15
15
19
40
10
10
10
10
17
25
42
42
14
14
14
14
14
14
25
25
9
23
46
16
16
6
39
24
24
6
6
6
29
3
45
17
35
35
35
30
32
32
32
32
19
22
13
13
37
37
37
47
47
47
47
25
25
8
35
9
9
9
9
9
50
36
36
36
36
6
6
6
47
47
47
47
36
36
12
41
41
41
41
37
37
41
41
18
18
10
10
15
24
29
29
44
18
22
11
46
46
38
38
37
10
10
30
22
22
22
22
44
45
45
12
12
12
12
12
1
1
17
17
17
9
9
24
24
6
42
3
3
6
6
6
45
45
45
21
37
13
13
13
13
16
31
31
33
33
2
2
2
2
42
17
49
47
31
5
26
37
37
37
36
12
9
9
9
9
42
5
5
5
13
1
1
1
39
41
41
19
41
28
1
11
