36
1
23
23
3
28
22
22
1
1
1
1
1
1
8
25
4
15
15
43
35
35
35
35
49
1
17
34
14
14
14
25
30
21
21
42
36
36
30
50
1
13
49
49
36
26
26
26
32
32
32
32
35
31
27
41
41
2
39
23
5
5
47
6
44
44
50
50
10
10
10
10
20
12
12
12
46
34
34
34
37
37
35
35
15
15
15
34
19
19
19
12
12
12
12
12
16
16
13
13
46
46
30
21
21
45
45
27
40
40
40
40
40
22
34
34
46
45
27
40
27
27
27
26
25
25
26
26
26
46
3
11
11
11
11
11
11
11
11
11
11
30
21
21
5
37
44
14
14
14
14
38
38
38
38
14
28
28
28
28
9
9
4
11
6
13
13
26
47
19
19
19
1
1
19
19
19
27
27
11
4
35
35
35
35
35
46
42
45
19
41
41
41
41
22
22
22
22
2
39
39
12
