34
3
15
46
11
11
11
9
29
4
4
26
26
6
38
25
4
4
20
20
34
34
34
34
49
2
2
2
2
2
39
39
27
27
27
27
27
7
6
16
11
26
26
39
39
1
48
28
29
36
36
16
42
42
43
16
16
16
10
13
25
18
18
18
18
18
2
2
19
19
19
24
50
50
50
50
48
14
14
30
30
30
30
50
9
2
12
12
47
47
34
34
34
34
12
30
30
27
26
2
48
25
27
27
46
46
43
20
20
20
11
26
26
26
26
26
26
36
17
17
17
26
26
1
16
16
48
19
19
19
19
35
37
46
46
6
27
27
27
27
27
22
22
7
50
50
50
50
20
1
45
36
15
17
17
40
40
39
3
3
25
25
49
49
49
15
15
15
15
8
8
8
8
7
7
7
11
11
26
3
34
20
20
20
45
18
18
18
26
26
20
5
5
42
23
2
2
30
30
38
45
45
