7
38
6
6
6
25
40
40
40
40
40
40
40
25
25
22
22
22
4
4
32
32
32
15
31
6
4
4
49
23
2
2
29
29
13
13
41
41
9
9
18
20
20
27
27
23
35
35
48
29
49
8
21
21
21
12
12
12
12
12
12
12
12
25
28
28
28
28
27
27
27
38
38
38
38
38
38
6
23
27
27
27
27
6
27
27
24
15
15
15
15
47
45
10
19
19
19
31
31
48
45
2
50
2
8
20
29
18
8
31
27
15
5
5
5
45
45
46
45
45
45
48
24
25
3
3
3
38
45
45
45
45
19
19
19
19
19
19
6
6
3
3
48
23
6
2
20
20
20
20
20
35
22
35
35
35
1
1
1
50
30
13
14
14
14
14
21
21
13
17
17
32
32
32
32
44
33
33
48
11
11
17
17
17
17
17
7
29
41
41
41
41
2
32
23
23
23
16
16
6
6
6
