24
18
43
36
36
36
36
36
38
50
50
50
1
10
48
48
22
2
2
28
21
48
39
38
31
31
31
31
23
23
1
15
41
8
6
6
6
21
36
36
36
36
36
19
3
3
3
3
3
49
49
3
38
38
38
36
36
36
27
14
19
14
14
49
24
24
38
7
1
1
1
22
45
45
11
44
32
40
29
29
29
17
17
32
50
50
15
15
15
15
49
12
25
43
15
23
19
48
6
6
6
5
12
13
4
32
32
32
32
22
22
22
25
25
2
10
34
38
43
20
42
16
16
16
16
16
8
8
20
20
20
20
20
38
38
26
42
42
10
47
5
36
36
36
36
21
24
24
24
24
18
18
31
7
2
2
20
20
20
23
23
7
7
4
7
7
7
7
7
7
10
5
5
5
5
5
31
23
23
12
7
7
7
7
7
7
45
45
45
3
27
37
37
23
23
23
23
46
10
10
10
10
