21
40
27
27
39
39
21
47
47
14
14
14
17
17
21
21
20
3
3
43
44
34
26
26
20
20
24
24
34
34
7
7
7
7
7
7
4
4
4
4
36
36
36
36
1
45
45
8
14
29
29
29
29
29
16
36
44
26
20
25
11
42
41
10
37
37
12
12
12
12
46
46
42
42
16
44
44
44
26
26
17
17
17
28
28
28
28
40
40
46
44
44
24
34
1
1
50
50
50
50
50
9
9
9
37
5
35
11
11
11
42
29
37
1
1
42
42
42
42
5
31
2
2
2
42
14
41
41
41
9
9
9
40
14
19
25
25
10
10
33
33
33
41
11
11
11
36
36
33
10
32
32
32
32
32
40
40
40
40
43
12
12
12
12
12
37
7
5
5
5
5
5
49
49
49
50
50
2
2
2
18
18
30
45
28
12
12
43
43
50
39
26
24
32
45
45
12
12
18
18
36
36
