7
42
42
8
8
8
8
8
8
8
44
44
44
44
44
44
44
19
42
30
30
1
1
1
49
49
49
49
9
9
48
48
4
13
13
8
8
8
8
42
42
42
42
31
31
31
26
26
19
19
19
48
48
6
46
46
46
22
41
2
2
12
12
12
48
17
17
17
21
27
27
27
27
13
13
38
38
16
16
16
31
16
16
16
30
30
30
30
29
23
13
45
45
32
9
9
11
12
19
2
20
20
44
44
30
19
19
19
19
31
16
16
16
16
16
9
13
13
39
39
39
39
46
46
46
35
35
2
2
2
12
43
43
43
43
43
23
23
23
23
23
29
22
22
41
32
32
44
44
37
37
32
32
32
17
17
17
17
35
28
6
36
31
31
15
15
14
14
14
14
14
7
2
12
12
10
44
44
44
44
44
17
17
17
17
17
42
1
46
28
1
1
1
11
22
7
7
7
38
38
38
20
