5
1
11
48
41
26
26
26
26
26
26
23
23
20
20
15
23
19
22
12
23
34
34
21
9
34
34
40
40
14
14
34
34
2
50
31
31
31
31
31
47
46
35
35
35
35
46
30
30
34
34
27
21
21
45
13
39
39
26
24
3
24
24
36
36
36
24
17
43
43
43
43
43
10
29
25
2
2
50
5
37
47
9
9
9
9
9
9
9
9
9
28
41
41
3
3
11
11
29
45
32
10
26
26
26
48
48
15
15
21
21
6
40
13
13
13
41
41
36
36
36
36
36
36
36
36
36
43
43
43
17
42
46
30
34
31
31
31
18
49
49
11
11
25
25
25
45
24
24
7
7
37
9
9
9
40
44
17
35
35
4
4
42
8
34
49
49
49
49
50
40
14
22
35
35
35
28
28
40
40
45
7
7
7
7
7
7
24
24
24
24
24
24
17
25
8
16
21
49
17
17
17
