39
44
44
20
20
41
16
49
44
44
44
27
27
27
27
27
27
27
27
22
9
48
38
25
1
1
10
10
15
42
7
4
19
16
16
16
16
16
14
14
46
46
46
44
44
49
4
4
4
4
4
24
45
45
15
15
10
10
44
44
31
31
31
31
21
21
31
31
31
8
8
24
24
35
35
35
7
7
7
32
32
28
38
10
10
38
25
28
14
10
10
10
8
8
8
43
47
47
47
47
47
47
47
14
30
10
1
1
1
1
1
29
29
29
29
8
8
38
38
5
43
27
27
42
42
42
39
17
4
4
25
24
11
3
3
50
50
36
38
38
38
38
38
47
6
21
21
21
18
18
16
16
25
25
17
28
30
30
15
5
5
5
5
5
5
38
38
26
39
5
5
16
38
38
38
38
20
20
42
42
42
42
42
2
2
46
46
6
31
34
34
34
34
3
39
15
10
20
20
20
11
11
