45
45
45
48
48
29
32
32
32
32
32
26
45
26
37
37
37
16
9
9
13
13
13
13
48
27
27
46
19
15
15
14
44
22
22
30
6
6
12
32
32
29
29
29
39
39
39
39
39
39
9
9
17
9
31
31
31
31
31
31
42
22
2
2
39
9
35
35
35
35
35
32
24
24
46
46
46
39
24
10
28
12
14
14
14
14
14
14
14
14
14
14
47
47
47
47
18
18
18
32
32
32
14
14
14
14
11
11
11
31
31
31
31
31
44
3
46
13
13
13
2
29
29
49
32
32
47
21
21
41
26
16
16
16
16
16
16
48
8
8
8
8
6
6
6
12
12
29
29
29
29
12
12
12
37
21
28
48
20
7
33
33
33
17
17
17
35
35
11
11
11
12
12
14
45
45
45
1
1
1
1
28
6
22
45
45
10
10
9
26
35
35
35
35
22
22
22
22
22
17
35
35
