16
16
40
4
19
19
34
34
49
16
16
16
20
20
20
49
49
49
17
17
17
17
17
17
26
8
8
8
8
8
8
41
11
30
30
30
36
46
41
6
6
3
3
3
15
5
5
40
40
45
45
41
41
41
32
1
1
1
1
20
2
2
2
11
5
31
43
43
10
44
22
9
7
7
7
7
34
34
25
25
25
25
3
48
50
50
50
50
12
1
1
17
17
45
39
39
39
11
31
31
16
16
42
42
4
4
4
4
19
25
10
10
10
10
21
21
42
42
42
42
42
42
42
42
42
46
4
39
37
37
25
25
17
17
17
17
17
17
46
34
21
7
7
7
5
5
5
5
46
46
29
29
29
36
36
36
36
36
36
26
26
30
46
46
40
2
47
47
8
8
44
5
5
5
50
46
1
1
41
40
40
41
41
20
20
20
27
27
27
44
44
44
44
44
44
41
16
43
34
15
15
37
