42
14
36
34
34
34
34
34
34
32
11
28
28
28
28
28
40
40
4
21
21
3
3
49
49
49
6
18
18
18
18
15
15
18
18
18
18
18
18
13
48
29
29
22
45
43
43
43
43
43
18
48
27
24
24
24
24
44
44
17
40
40
40
40
40
29
33
33
33
33
9
4
23
23
11
46
8
43
7
7
5
27
27
27
49
26
26
46
17
15
11
11
29
49
15
33
33
33
33
33
33
50
50
50
36
23
23
23
23
4
6
49
5
5
5
46
46
21
4
4
4
4
12
12
7
7
1
44
50
50
15
44
40
19
19
34
34
34
34
34
6
6
39
43
43
43
43
18
16
37
37
37
45
45
6
6
4
17
17
17
3
20
34
34
6
40
40
40
40
40
40
13
31
22
22
22
9
9
20
6
6
24
24
24
24
7
7
7
24
40
40
40
40
40
22
22
38
38
24
42
33
44
