5
5
5
23
23
23
23
37
37
46
30
44
44
27
27
43
9
14
40
32
41
48
48
48
16
17
39
39
39
39
1
1
1
1
19
19
19
19
19
48
24
8
45
45
21
14
46
46
46
18
18
18
18
18
45
45
45
45
45
45
45
45
12
12
40
40
23
15
27
37
36
26
26
26
26
26
26
26
26
26
26
26
26
41
21
21
24
1
1
1
1
1
3
30
30
30
30
42
40
19
19
3
2
2
20
29
29
29
29
29
50
35
35
37
42
48
1
1
1
1
1
39
20
40
40
32
41
41
50
8
8
15
3
3
3
3
3
16
16
16
42
42
42
49
49
33
13
1
42
41
41
39
28
19
19
25
20
42
42
14
14
38
38
2
19
19
19
19
19
20
21
21
21
21
39
47
47
17
2
28
31
23
43
43
43
43
38
1
1
1
41
37
4
4
4
2
38
42
42
34
34
28
