38
38
46
46
46
10
9
6
2
6
38
38
38
5
20
20
3
3
3
3
49
49
49
49
49
49
17
17
17
38
34
34
29
32
33
15
15
15
47
2
2
24
42
2
12
12
12
12
6
6
27
27
27
13
13
13
37
3
28
18
40
17
46
44
50
29
29
28
29
42
46
46
46
46
14
14
14
14
14
14
14
14
14
27
27
27
27
37
37
38
38
38
38
42
42
42
39
32
32
4
4
4
28
28
3
39
39
30
30
23
33
33
45
25
25
47
47
47
47
47
24
47
14
18
18
18
28
6
6
6
49
49
49
28
28
32
32
23
23
23
23
16
16
16
23
5
1
1
32
21
21
12
12
14
14
19
45
45
37
37
37
21
21
6
23
23
17
22
22
4
33
33
33
33
18
50
50
16
18
18
44
44
48
48
32
32
32
14
14
14
14
35
49
49
49
49
49
48
48
48
2
23
