31
4
45
40
40
48
48
35
38
38
12
12
12
12
11
50
50
31
31
42
40
40
21
21
25
36
39
39
20
4
4
21
13
13
17
47
46
26
49
49
20
18
6
6
27
27
27
27
27
39
39
20
49
49
49
23
37
21
21
21
1
13
21
27
27
42
16
48
33
30
23
26
39
39
42
42
20
13
32
21
13
14
50
9
9
9
9
9
9
9
2
2
21
21
21
44
40
37
39
32
32
26
26
10
24
16
34
34
34
34
2
49
49
19
19
27
27
27
33
33
33
33
33
3
20
20
20
49
45
25
5
5
5
36
36
18
18
18
20
35
35
7
5
5
2
20
26
26
1
21
31
25
25
25
25
25
25
25
17
17
32
9
13
13
5
5
5
5
5
24
6
6
28
28
28
3
3
3
24
16
16
25
25
25
25
25
25
46
13
13
13
27
27
27
15
15
15
15
15
15
21
21
