18
18
18
35
6
39
14
46
33
45
19
19
19
4
13
28
16
46
46
46
15
15
11
11
11
44
16
46
46
46
3
36
19
19
19
20
20
20
20
37
44
44
44
8
32
27
27
27
27
27
50
50
43
43
43
43
43
43
43
43
17
17
28
25
25
25
41
40
40
40
26
29
8
8
8
34
34
34
34
24
6
6
12
13
34
7
27
27
27
27
27
27
48
49
49
49
49
49
16
16
15
50
3
23
23
23
40
11
11
11
11
37
27
27
30
30
6
3
3
3
1
1
1
1
23
23
23
27
27
27
27
27
29
29
18
23
49
27
26
26
9
6
6
16
27
21
37
43
43
43
15
15
12
12
12
12
27
44
44
38
38
39
39
39
39
4
36
36
36
36
5
42
28
24
24
24
21
4
4
36
23
23
23
23
47
29
29
38
19
38
17
17
17
17
17
17
17
17
50
50
25
23
