36
43
20
20
36
36
36
36
36
16
16
16
16
31
45
45
31
31
25
25
25
25
47
47
44
44
26
47
47
44
20
20
20
20
41
41
8
8
8
17
17
17
30
45
27
18
18
36
50
50
29
5
5
24
47
47
36
36
34
34
34
40
40
42
42
33
12
12
6
6
38
29
47
31
31
31
18
18
18
18
18
43
2
13
7
7
16
26
46
44
13
47
47
47
47
47
45
45
45
45
45
45
45
45
45
4
4
9
39
39
39
39
8
23
23
23
23
23
37
37
37
39
39
2
4
6
6
21
31
31
31
31
14
50
22
22
36
37
37
37
7
8
47
47
50
50
50
50
50
43
7
7
32
32
32
32
32
32
32
46
46
22
22
22
22
22
22
22
22
4
4
15
12
28
25
25
25
31
31
15
1
1
1
1
1
42
42
42
1
1
1
23
28
25
37
17
17
17
14
41
37
39
