49
49
8
8
36
25
25
25
25
45
4
29
29
29
39
18
12
12
12
12
48
29
26
19
31
12
38
34
11
11
20
40
40
40
40
43
22
22
22
27
27
27
1
10
10
10
28
28
28
28
28
28
28
50
50
46
46
17
50
50
8
31
31
17
21
21
10
10
10
37
37
37
37
37
37
37
49
49
28
28
28
48
50
50
33
6
6
6
11
31
31
31
31
20
20
25
44
44
17
17
17
17
38
50
36
36
8
8
38
38
35
6
6
34
14
27
37
22
22
46
49
49
3
18
18
46
46
36
36
36
36
36
36
1
1
29
35
35
35
35
39
20
23
23
23
23
38
33
32
38
38
38
15
15
36
36
32
32
32
3
3
33
27
27
27
39
22
22
39
39
39
39
26
49
25
25
25
39
20
20
2
2
2
2
2
2
2
50
50
50
31
8
8
8
8
22
22
22
12
43
43
46
