15
18
46
46
46
46
47
47
12
12
12
12
30
19
14
2
43
43
43
43
43
47
47
47
47
47
17
32
32
47
41
45
45
45
45
45
45
38
38
15
6
6
50
50
48
6
32
32
32
32
32
22
6
22
19
19
19
19
19
32
32
1
1
8
41
7
7
46
46
46
46
50
40
6
6
6
13
29
29
29
29
22
15
47
47
48
48
48
48
36
10
10
10
10
10
10
40
40
40
11
41
10
27
27
35
43
36
44
44
44
44
26
26
26
39
39
39
5
5
5
3
39
39
39
39
39
25
25
25
25
25
20
50
50
43
3
21
7
7
19
19
21
3
34
29
39
18
32
32
33
38
38
26
26
17
16
16
29
29
37
37
37
37
8
8
41
47
32
32
20
20
19
19
19
19
19
17
44
44
25
25
50
50
13
13
28
33
33
33
22
22
49
1
43
43
43
18
18
18
3
3
3
