12
12
12
12
35
36
45
45
36
36
36
36
36
26
26
27
27
17
17
10
40
43
43
28
8
24
24
24
24
24
24
24
3
27
5
5
5
5
5
40
15
15
15
15
34
34
3
21
21
38
38
22
22
32
19
25
8
8
24
24
29
18
18
18
18
28
28
28
39
39
27
14
14
14
50
7
25
25
25
25
19
19
19
24
24
37
49
49
49
14
14
5
12
19
41
43
43
27
15
2
41
38
4
4
4
4
37
37
19
30
30
19
8
8
8
8
8
40
35
35
35
50
50
16
16
17
12
12
12
12
7
44
23
23
23
23
27
27
29
5
5
5
5
19
19
19
46
44
25
25
25
25
23
23
31
1
1
1
5
16
40
15
33
33
46
11
24
24
24
24
24
24
24
24
24
33
33
5
5
5
34
34
49
18
16
16
16
50
50
16
16
16
48
11
11
48
15
49
26
50
50
50
