2
13
18
18
18
18
18
25
12
25
25
9
8
44
44
39
39
39
12
19
19
15
10
10
22
22
22
22
31
19
3
18
14
14
14
10
10
15
3
12
12
24
24
24
20
4
19
19
42
42
34
34
46
46
39
43
43
43
43
22
41
41
39
39
39
39
28
28
21
31
6
9
9
9
9
9
9
9
9
9
34
18
50
50
8
8
26
26
26
20
41
30
30
30
14
14
14
36
14
8
8
8
9
9
9
2
27
27
27
8
9
9
9
9
50
50
50
24
15
15
15
20
20
40
40
8
8
8
8
8
33
30
24
24
24
24
7
7
42
42
19
22
20
11
10
4
15
45
45
45
48
48
48
10
10
10
19
19
19
19
11
11
11
11
11
11
11
11
11
11
3
32
32
32
32
32
24
40
27
27
27
27
27
13
22
44
9
9
3
44
41
41
45
45
19
19
47
47
9
17
32
5
