21
31
8
8
31
25
25
25
45
45
45
45
45
3
15
15
11
11
6
2
4
38
42
42
11
11
11
11
11
11
11
43
14
18
37
37
7
34
6
6
42
42
42
12
12
12
26
22
43
43
43
1
1
11
11
11
11
33
17
50
50
15
15
34
34
34
34
1
23
23
1
1
1
17
17
33
9
9
17
17
42
42
42
22
14
14
14
14
14
12
12
13
50
50
50
50
50
50
50
49
41
41
27
27
27
27
27
27
6
28
28
28
28
28
28
28
28
36
12
48
48
48
46
46
13
13
13
37
15
47
47
13
13
13
13
39
39
18
18
33
23
23
23
23
3
7
7
27
29
32
39
38
38
38
38
38
50
39
32
15
21
21
21
21
43
43
43
42
3
48
48
48
48
48
48
48
38
38
38
38
42
42
6
35
5
5
5
48
48
48
3
3
3
39
39
39
19
19
31
31
31
21
