37
37
30
2
41
41
41
43
12
22
22
22
11
11
6
6
28
13
7
7
40
36
40
40
40
40
46
46
17
17
19
44
44
44
2
2
50
50
3
45
37
37
29
14
47
14
16
6
39
14
50
11
24
24
24
45
45
45
47
19
13
42
42
41
41
16
21
21
21
38
3
3
3
19
46
46
46
40
26
26
26
26
26
26
26
26
26
26
5
17
17
40
40
40
40
10
5
12
9
9
10
36
15
45
45
45
45
35
49
34
34
34
34
27
32
32
7
7
5
5
3
3
15
15
15
7
7
17
17
30
30
30
30
30
30
34
39
31
27
8
8
8
8
8
35
12
12
42
42
42
13
13
13
46
46
29
29
29
34
34
34
34
34
34
7
24
24
24
24
24
24
41
41
41
45
45
45
45
45
45
10
10
10
33
33
33
14
19
12
4
38
38
40
23
16
13
11
16
36
36
36
47
