31
31
4
38
29
26
26
50
34
34
34
34
34
38
38
28
28
39
39
39
39
39
39
39
39
39
39
38
38
38
38
38
38
25
25
36
36
12
12
12
12
45
45
45
45
45
45
45
38
38
27
27
50
50
50
50
50
11
11
48
45
13
34
34
14
29
15
15
19
19
19
46
22
4
4
50
24
5
48
48
50
24
24
24
24
43
43
43
43
43
21
36
1
1
1
1
42
42
22
19
19
19
5
9
46
22
22
47
47
4
19
4
4
4
13
13
13
13
14
14
14
14
14
9
15
1
42
10
10
10
10
26
16
35
36
36
36
36
40
40
6
24
24
24
15
15
15
31
31
31
10
4
4
4
4
4
4
7
7
34
34
23
23
23
10
41
41
23
23
11
11
11
11
11
11
11
2
2
2
2
15
15
41
24
11
16
38
44
44
44
9
33
44
3
3
26
5
5
5
5
13
13
