27
27
3
15
29
30
30
30
22
41
41
16
16
33
33
33
33
25
25
25
48
48
26
26
10
10
10
10
10
34
15
39
39
9
9
9
45
45
45
45
15
15
15
16
16
33
33
33
33
33
8
15
15
15
8
8
50
43
43
43
32
39
33
33
33
18
18
32
32
32
35
27
27
27
5
5
5
5
5
11
28
28
28
28
26
26
16
16
16
16
16
16
9
48
48
40
40
40
50
41
41
41
41
9
9
19
19
19
25
19
13
13
32
34
34
24
6
6
6
9
39
39
41
30
30
5
47
43
29
5
5
5
49
47
47
47
21
37
5
14
41
41
43
43
43
23
13
13
13
13
13
13
30
7
14
13
23
46
25
5
5
8
40
9
7
22
22
21
21
24
24
24
24
38
17
27
27
13
13
32
21
21
32
25
42
42
42
13
25
25
43
43
43
43
46
46
46
46
37
37
29
29
