42
10
10
36
10
10
10
14
28
42
17
28
28
28
28
28
28
26
26
26
26
6
6
6
6
6
6
6
49
10
2
14
49
48
48
48
48
48
48
48
42
1
30
30
30
17
17
17
10
10
10
10
11
22
22
45
49
49
46
42
42
17
14
37
48
48
1
1
48
42
11
42
42
42
42
28
28
28
36
45
33
33
33
7
7
37
11
36
36
36
17
46
46
28
28
28
28
28
33
1
1
1
42
49
17
17
30
48
30
30
30
30
41
41
35
1
1
1
6
33
13
13
13
39
28
28
11
6
6
28
36
6
28
30
30
30
30
13
13
2
48
48
33
33
48
48
39
45
45
45
45
30
30
30
30
30
30
37
37
7
35
35
35
35
18
18
18
17
17
17
17
17
17
1
1
45
11
45
45
1
1
33
33
33
33
17
46
46
46
46
1
1
1
1
1
6
1
1
33
33
33
33
