10
3
3
3
3
10
10
17
6
11
15
29
29
36
36
10
38
38
38
38
38
45
45
45
45
45
45
17
17
27
27
29
46
25
20
20
20
20
20
22
12
12
12
12
11
38
38
34
42
32
29
44
11
39
39
39
20
20
45
31
13
32
33
6
6
25
35
49
49
10
6
6
6
20
20
20
20
10
11
10
48
25
31
40
39
39
17
25
12
12
35
25
41
41
9
9
9
6
6
6
6
6
6
32
32
22
37
37
37
31
31
28
37
37
49
49
49
3
3
22
41
41
42
42
42
43
43
43
43
43
15
40
40
9
9
32
32
32
32
37
37
37
43
43
43
27
44
25
25
25
25
25
35
35
35
13
4
4
15
15
15
50
50
50
13
13
29
27
27
27
27
27
27
30
15
17
17
17
17
17
36
26
34
34
34
34
34
34
34
50
2
2
38
3
3
50
50
50
50
50
50
8
