6
6
6
6
35
35
35
45
25
25
16
16
25
25
25
25
25
25
43
43
42
42
42
12
32
32
32
24
24
16
16
21
21
37
18
30
12
39
39
11
11
35
35
6
17
17
17
50
7
43
43
43
22
34
34
34
34
25
50
50
50
50
50
50
50
25
40
28
44
41
37
7
7
46
46
46
37
50
13
13
37
37
4
1
21
21
49
32
31
34
26
37
38
38
37
8
21
44
44
44
44
36
48
48
41
41
24
24
24
43
43
13
24
24
30
7
11
14
14
31
31
31
35
35
1
43
29
13
45
31
20
45
31
29
29
48
2
7
7
44
24
17
17
17
17
17
17
17
17
17
17
17
36
19
19
19
12
33
33
39
39
10
10
10
25
23
23
33
6
38
49
6
45
45
14
14
14
14
14
18
20
36
32
42
21
21
19
43
43
5
37
40
40
32
43
43
43
43
43
43
22
36
