32
32
33
17
43
13
22
32
12
19
46
50
50
31
31
18
18
25
25
45
19
45
24
49
32
44
44
44
44
17
23
23
7
7
31
38
28
28
49
49
49
24
45
3
42
4
9
26
41
41
41
47
47
36
36
2
19
16
5
5
46
15
15
15
15
15
15
15
4
20
20
20
45
39
39
47
47
32
34
34
34
34
7
7
30
35
26
26
26
26
26
23
23
23
13
13
7
7
46
46
4
4
39
39
31
31
31
31
31
31
31
31
31
37
5
6
6
6
44
44
44
22
22
8
8
49
49
37
4
14
2
2
20
20
20
20
18
36
19
19
19
19
20
39
36
36
48
31
1
1
44
44
44
44
12
29
19
19
6
45
14
49
49
27
27
25
48
48
26
19
19
49
11
11
14
28
35
35
35
38
36
24
24
49
49
49
4
31
15
15
15
23
24
35
35
14
14
31
31
47
7
7
