15
14
14
32
46
29
47
14
14
14
14
46
46
46
46
15
15
15
15
15
48
12
12
12
6
6
38
19
19
19
22
49
49
8
30
12
12
17
16
29
29
50
50
50
40
40
15
16
16
16
16
17
40
40
40
40
40
40
14
14
42
18
35
35
45
25
25
46
46
46
28
28
28
1
38
40
40
23
23
23
15
29
29
29
48
44
44
44
13
34
34
34
29
20
4
30
30
30
30
30
30
48
5
23
2
14
11
25
33
5
10
10
10
48
49
29
14
14
14
41
13
12
38
38
38
3
10
10
10
40
40
40
5
45
35
35
35
35
43
43
27
27
25
43
41
5
5
2
2
2
2
2
38
10
10
10
10
10
10
19
27
27
48
27
46
28
28
21
30
12
12
43
43
43
50
17
25
45
15
32
34
34
42
42
42
37
39
39
28
28
14
14
29
29
22
46
44
44
17
17
17
34
