30
5
5
34
21
46
46
29
29
29
7
36
36
35
35
35
35
1
38
38
38
38
36
36
17
9
20
47
47
11
11
30
29
29
22
12
12
12
12
12
45
45
28
28
28
3
3
3
28
25
4
48
48
10
10
2
10
40
31
31
41
36
7
7
25
25
25
4
28
28
28
6
6
16
31
1
6
22
48
31
31
31
37
37
2
43
43
28
28
4
36
36
36
36
36
36
30
18
39
39
39
13
16
39
28
9
9
9
9
9
9
9
12
12
12
25
48
40
40
7
8
8
8
8
8
8
8
8
30
12
7
39
39
42
7
7
7
7
7
7
36
36
20
42
42
42
42
10
42
33
25
49
32
32
32
45
45
45
45
49
49
49
49
49
49
19
19
2
36
36
41
41
17
3
3
35
35
35
35
11
11
11
34
34
23
23
43
43
43
6
45
9
9
40
6
44
6
44
44
27
27
30
