2
2
2
2
2
2
2
49
35
35
37
46
28
22
22
22
10
22
35
39
22
22
22
37
37
37
37
46
39
45
45
45
45
45
45
45
49
49
49
18
48
48
48
22
46
46
46
46
45
30
30
37
49
49
37
37
48
42
39
39
39
13
6
30
46
41
2
28
39
39
22
46
35
28
28
49
49
39
39
26
26
26
26
6
28
37
28
13
13
13
13
13
26
26
41
26
45
13
2
2
2
30
30
6
42
42
46
46
41
49
49
49
49
26
26
26
48
48
48
10
10
48
46
46
46
46
46
35
35
35
35
45
26
26
26
39
6
48
13
13
13
13
49
45
6
6
6
49
49
49
39
39
6
6
6
28
28
28
46
46
22
41
45
42
42
46
46
2
48
10
10
28
28
35
35
35
2
2
28
37
42
42
6
49
49
49
48
30
30
35
35
6
6
22
26
49
6
6
39
10
10
10
