48
48
48
26
26
26
36
22
22
22
22
22
22
49
49
50
50
50
13
13
18
36
39
39
4
4
4
4
47
12
12
12
12
24
42
42
42
41
41
41
41
29
25
31
7
7
24
50
43
43
15
15
15
15
15
35
17
17
22
6
6
27
27
30
30
30
30
32
32
50
10
5
5
5
5
45
45
4
47
47
47
1
1
31
1
32
32
27
27
13
48
1
1
44
44
44
44
44
44
44
44
44
44
44
31
31
31
26
26
4
50
50
10
21
21
29
41
41
41
41
45
45
9
9
9
9
50
50
39
39
39
39
39
36
44
36
11
11
30
30
30
39
39
1
1
1
1
1
1
1
29
34
9
33
47
47
47
47
39
21
21
49
49
49
49
25
20
20
30
30
3
49
39
39
39
39
23
19
19
37
39
39
39
22
37
12
39
38
38
7
7
9
9
16
16
43
43
42
48
48
48
48
