6
15
15
37
6
44
45
13
13
39
39
24
10
10
10
9
9
45
35
35
33
40
40
40
2
2
14
14
3
3
18
18
18
18
2
2
2
36
32
32
32
19
27
27
33
33
33
24
1
1
38
48
48
48
48
45
16
16
49
33
17
17
48
48
34
15
45
45
45
45
45
45
45
45
29
12
12
12
45
5
34
21
15
27
21
33
6
26
45
34
26
26
26
26
39
31
26
4
4
4
4
4
4
4
43
36
36
23
17
17
3
3
35
35
38
38
42
42
35
47
47
47
47
41
41
41
1
1
1
1
44
44
41
10
10
10
10
10
10
6
3
3
47
47
21
10
1
1
1
18
18
5
5
43
43
43
28
19
13
47
36
21
19
19
5
5
5
16
41
41
42
35
35
6
45
32
32
32
12
12
12
3
3
21
21
10
10
10
10
10
13
13
37
37
37
43
43
43
43
43
43
43
