12
16
9
46
4
4
1
1
1
43
18
18
41
41
41
19
19
6
14
23
23
23
13
33
6
47
18
18
18
18
33
33
33
11
11
1
1
1
1
1
36
36
36
36
16
15
42
42
18
32
33
50
50
50
50
50
39
7
7
21
28
28
9
9
26
31
31
31
31
13
1
1
1
10
26
26
26
26
26
26
36
36
20
20
20
20
40
40
40
40
40
34
22
50
38
38
27
1
1
18
18
14
35
7
7
7
9
9
9
28
49
49
49
49
49
49
1
1
19
19
9
9
9
36
50
50
10
10
27
25
25
23
23
23
23
23
36
44
44
10
7
7
13
10
10
40
40
34
34
32
32
21
5
5
1
1
10
33
1
1
35
22
22
19
12
12
45
48
49
39
39
24
10
26
25
3
3
21
15
7
7
7
4
4
34
34
34
27
27
23
23
37
36
9
14
14
33
33
33
33
33
33
