36
36
36
36
36
38
38
38
37
15
23
23
14
28
28
28
26
27
27
27
47
47
47
9
17
33
33
47
46
33
10
10
10
10
10
42
11
11
11
29
29
4
4
4
4
4
10
10
33
33
34
34
26
26
18
16
43
31
31
43
8
13
4
11
11
11
40
37
37
37
37
37
37
1
16
9
8
23
31
28
28
39
13
25
25
25
5
37
37
32
20
19
30
30
30
18
28
28
27
23
34
34
34
34
9
12
44
31
31
3
34
40
40
40
50
50
19
19
28
28
28
9
9
9
9
9
9
20
15
15
15
33
33
33
33
29
24
24
24
16
31
31
37
13
36
36
36
36
23
23
23
24
24
20
20
20
20
27
15
42
46
49
38
38
32
50
50
23
27
27
44
14
14
18
22
18
18
18
18
2
39
39
31
31
31
7
7
7
25
18
16
16
16
16
9
9
3
11
11
11
11
11
