40
40
40
40
44
44
44
44
44
28
28
28
22
22
22
22
10
10
27
19
39
39
2
2
32
32
32
3
33
33
23
23
11
11
38
21
21
42
34
39
39
42
28
28
28
28
28
28
28
49
13
13
13
44
44
37
17
17
17
29
30
14
14
42
42
31
12
49
12
7
5
5
5
39
39
26
40
25
25
5
37
37
37
28
28
28
46
46
16
18
18
3
3
3
3
3
3
36
15
18
49
49
47
2
2
17
17
17
46
46
5
45
30
30
30
30
30
40
41
20
7
7
17
20
42
42
25
47
32
32
6
6
24
24
24
2
18
18
18
15
41
41
41
41
11
11
12
13
12
8
8
8
35
4
49
49
49
27
45
45
45
45
4
4
4
3
3
30
26
26
18
37
25
16
34
47
47
47
19
13
30
30
30
31
46
46
46
34
34
15
15
15
23
40
40
17
17
16
14
4
4
4
