40
40
40
42
35
20
20
40
40
16
16
8
41
41
41
10
10
10
15
15
19
11
39
39
39
39
30
41
29
10
10
6
26
26
20
39
32
1
1
16
16
16
16
11
11
16
16
10
26
46
41
41
41
41
43
45
45
45
16
16
16
39
40
45
45
45
45
45
45
45
45
2
2
2
3
3
29
29
29
29
29
34
32
32
42
13
13
13
17
22
14
22
22
22
22
1
1
1
25
37
25
8
8
14
14
14
14
32
8
18
18
23
17
26
39
31
31
47
5
21
5
24
27
27
27
50
50
50
50
8
8
40
40
12
12
12
12
21
21
35
35
35
33
49
1
26
33
33
33
21
47
47
47
47
47
25
31
31
31
27
21
11
11
11
35
19
10
18
49
15
20
20
20
27
27
49
49
9
4
4
4
40
17
17
44
48
31
31
44
44
44
48
17
17
17
17
17
38
46
22
22
8
