5
5
41
15
17
17
8
8
8
8
8
2
2
20
39
39
39
39
39
41
41
41
27
27
27
9
8
1
1
1
3
27
31
26
36
5
5
5
7
12
15
15
4
4
47
47
21
21
21
48
48
4
4
43
43
5
46
7
7
7
7
31
7
7
7
7
25
25
25
28
28
28
28
28
25
7
7
28
28
15
36
22
22
22
16
19
19
19
19
17
13
13
2
1
1
1
1
1
23
23
45
37
37
33
18
18
18
18
18
29
36
36
36
36
36
45
45
45
45
45
34
34
5
5
5
13
6
37
8
18
18
18
18
30
30
30
30
36
5
16
16
10
35
47
47
4
9
9
29
29
29
29
29
29
29
29
29
31
24
20
50
4
25
26
3
3
3
3
3
25
25
25
25
45
45
18
8
33
14
32
42
40
40
35
23
30
30
12
45
16
16
33
33
23
23
29
29
45
5
4
4
37
