29
29
29
4
4
4
4
4
4
4
4
40
40
40
40
40
40
40
11
11
50
33
41
7
7
5
5
5
5
5
25
37
37
39
31
16
16
31
31
7
7
7
7
49
35
35
9
16
18
41
8
8
8
8
24
2
2
27
27
15
9
9
25
43
43
5
17
17
14
10
40
33
33
33
33
15
15
15
6
36
36
36
36
36
3
8
8
45
45
33
33
13
13
13
13
13
13
8
8
19
20
35
42
17
45
45
45
45
20
20
1
1
1
1
8
8
38
49
49
33
33
15
15
44
44
16
16
16
16
24
24
24
24
33
33
33
24
24
24
24
24
24
1
1
21
10
10
23
42
20
42
8
8
8
8
8
8
43
4
4
4
42
23
49
43
29
37
37
37
21
21
21
21
21
20
22
22
43
43
50
50
50
50
50
1
1
1
22
18
7
38
46
41
41
46
46
46
46
46
46
23
23
