48
41
42
28
28
28
28
28
28
16
2
2
25
34
34
28
24
27
12
38
43
43
43
43
43
34
34
40
40
8
19
19
36
36
45
45
26
36
36
42
2
39
39
21
21
21
10
34
28
28
10
32
19
19
42
42
16
21
42
31
44
32
32
25
25
45
46
46
46
46
46
45
18
29
37
37
40
14
14
14
10
31
31
31
31
47
47
47
47
47
47
22
40
40
40
40
40
44
44
44
44
44
14
14
14
40
40
40
40
20
20
20
12
14
41
41
45
45
45
45
35
18
18
40
40
40
40
48
21
35
35
40
4
4
4
44
44
5
5
4
4
26
22
7
38
27
27
27
23
23
48
48
48
48
48
48
48
22
22
30
14
14
19
45
45
18
18
24
11
24
24
24
5
5
47
17
6
6
6
6
34
13
12
30
30
5
13
13
13
30
20
20
20
20
12
12
37
8
8
8
1
27
