47
48
48
1
7
7
7
8
8
8
26
29
29
29
34
4
36
36
36
36
12
12
24
24
42
42
42
17
3
37
37
7
7
7
24
24
24
19
19
19
19
19
13
13
13
22
22
22
43
1
1
35
35
38
38
38
38
38
29
29
29
29
29
29
29
29
29
29
24
24
24
9
9
18
18
4
30
30
8
3
43
44
44
44
44
44
44
44
44
44
19
19
27
27
50
23
40
47
47
47
50
16
16
15
15
15
15
35
35
35
48
35
35
35
36
36
36
32
32
18
14
14
14
14
26
26
26
26
26
38
33
33
33
33
33
33
33
19
34
34
7
7
30
27
3
3
34
20
20
50
50
50
17
17
11
11
19
24
28
28
28
25
32
32
32
32
32
32
32
32
32
32
10
33
39
39
31
31
31
49
49
49
19
27
27
33
34
3
3
3
13
11
11
11
11
6
21
21
42
1
17
37
