10
10
14
14
37
2
5
5
18
7
15
37
37
37
20
15
22
22
22
2
13
13
44
6
34
34
14
14
14
14
50
50
50
9
9
6
6
6
35
35
10
30
30
30
39
39
23
20
20
17
17
17
17
40
40
29
29
22
9
9
7
8
8
8
8
13
13
1
6
6
6
30
21
11
27
4
4
4
4
23
29
29
9
7
7
10
45
45
28
27
27
9
9
10
35
35
35
35
35
15
45
45
5
25
25
25
29
29
29
29
29
29
13
23
13
13
13
44
21
21
21
14
14
14
14
14
7
46
46
46
46
46
46
46
46
46
46
25
25
25
25
40
47
47
34
34
34
34
47
47
6
6
6
6
42
42
39
46
46
19
19
19
19
32
9
38
37
37
13
13
13
13
13
13
3
3
45
45
20
14
16
10
11
48
3
3
3
48
43
4
12
30
30
30
34
21
36
34
44
15
46
44
