29
29
6
19
23
23
20
14
14
20
20
20
27
27
36
36
9
9
19
19
19
18
18
43
43
43
43
34
34
34
34
48
48
10
10
12
12
12
12
47
48
48
28
8
21
44
25
32
11
6
49
40
40
29
29
29
10
10
10
20
20
20
47
47
7
7
40
39
39
30
4
15
15
8
8
8
8
8
8
29
33
41
41
7
7
7
21
6
42
42
42
42
44
44
37
37
30
30
33
33
33
3
17
17
17
17
46
46
46
1
1
1
37
37
1
1
20
20
27
27
27
50
50
50
50
31
48
48
48
48
48
46
16
12
9
9
28
41
2
24
24
14
14
4
4
4
4
4
4
43
38
38
21
33
2
17
22
22
30
48
20
9
22
22
22
22
22
22
22
16
16
8
8
8
8
45
45
45
45
45
45
24
24
24
41
41
41
41
41
44
44
44
14
21
7
46
46
46
34
34
34
34
