27
27
33
33
33
33
33
33
1
1
1
30
16
6
6
6
6
30
28
50
50
4
39
9
14
19
19
36
11
11
39
14
14
33
33
33
33
39
4
37
18
33
33
2
2
2
10
10
10
10
12
12
10
10
10
10
47
47
47
47
47
50
6
33
18
18
18
16
16
16
16
22
29
40
40
3
8
38
38
14
38
28
28
28
6
45
45
45
27
27
27
35
35
35
4
4
17
17
9
9
29
29
26
5
7
7
23
23
23
2
48
29
26
11
11
11
11
13
31
31
16
16
40
27
27
27
1
1
1
1
1
17
17
2
19
19
28
29
35
35
18
26
20
20
24
24
24
40
44
36
36
25
11
11
11
11
11
11
11
11
14
14
14
14
6
7
23
32
32
32
31
40
32
38
18
18
32
45
45
45
49
16
14
14
16
10
36
36
36
36
36
17
17
2
2
2
45
36
36
25
50
48
