39
5
41
35
46
49
49
49
49
49
4
4
48
48
26
26
26
26
49
49
49
49
49
24
18
18
14
14
14
29
29
29
29
24
24
19
16
22
22
22
11
11
11
32
32
16
27
27
10
23
23
23
23
23
9
19
16
3
3
46
46
46
46
36
37
28
24
24
37
47
47
46
46
46
13
26
26
26
26
26
26
26
1
24
38
38
12
12
12
12
31
7
7
7
7
25
25
45
10
15
38
38
4
4
10
10
10
10
16
16
33
43
43
43
43
36
50
50
13
35
35
35
20
20
6
6
45
44
18
18
18
32
8
8
16
22
22
29
29
36
6
39
39
39
39
23
23
22
48
48
23
23
42
40
37
37
37
34
34
34
34
32
32
32
32
32
32
32
17
17
17
23
31
31
21
50
50
29
17
29
29
48
48
48
48
12
43
45
45
4
4
33
33
23
23
23
36
36
36
30
10
45
