9
32
32
14
14
25
5
5
18
18
46
46
21
21
12
10
22
26
26
2
2
47
47
47
21
21
19
50
50
32
49
49
36
36
25
25
49
5
5
25
36
36
36
36
36
36
36
36
6
6
6
33
38
45
45
40
40
40
23
23
23
23
23
31
25
25
25
25
33
33
46
24
24
5
5
9
9
26
23
23
7
30
43
43
43
43
43
28
28
28
28
28
17
39
6
6
8
23
12
12
37
21
32
32
32
32
32
32
32
50
36
36
36
36
36
36
36
36
36
43
43
43
43
7
3
3
18
18
18
18
18
18
18
36
43
19
19
39
39
13
13
44
25
40
30
19
11
41
41
41
41
41
41
32
13
7
39
39
39
39
8
24
38
38
38
39
45
31
31
31
9
43
39
39
39
39
8
8
14
14
14
20
26
26
44
22
22
18
28
23
18
27
27
27
19
19
30
48
48
48
43
43
