50
36
36
36
41
42
42
13
13
24
24
24
43
35
38
37
43
43
26
9
42
13
38
38
38
38
38
38
38
33
33
1
1
24
15
20
20
20
7
43
43
9
9
9
48
10
10
13
33
33
2
39
39
39
37
11
11
11
11
11
11
11
50
50
47
8
8
23
49
27
27
35
35
21
21
44
26
26
39
41
41
31
31
31
4
1
1
33
33
49
49
48
22
22
4
4
27
27
27
27
20
1
1
1
1
10
5
5
5
5
31
31
31
31
31
31
18
27
16
6
9
9
9
9
9
16
25
25
10
32
32
32
16
16
28
13
13
45
45
21
21
21
21
8
28
17
7
7
15
15
15
14
17
17
19
19
20
25
11
2
41
41
24
24
24
24
30
27
27
36
36
36
14
14
14
14
14
46
46
21
17
17
17
17
47
47
47
16
16
16
16
16
16
29
31
12
34
34
34
34
34
34
