24
21
3
5
5
5
5
5
26
26
26
46
46
18
18
37
37
26
49
49
6
12
32
31
31
44
33
27
27
28
27
48
48
10
37
6
6
29
29
41
16
16
19
28
28
21
33
33
24
24
24
24
10
32
47
33
35
41
9
9
44
44
19
19
9
9
10
25
17
17
12
42
42
42
42
4
28
28
25
25
11
11
25
50
50
50
32
32
32
32
1
1
1
33
33
33
15
15
15
18
18
18
38
33
31
47
32
28
28
28
28
28
1
26
26
32
32
28
28
22
22
44
44
44
44
6
40
14
14
48
4
4
14
14
35
35
47
28
28
28
28
28
28
50
50
15
15
15
15
37
37
37
37
37
37
37
37
37
30
7
29
37
27
27
27
18
18
38
38
38
50
50
33
40
40
40
17
35
34
34
29
11
46
46
46
29
28
28
5
2
9
9
49
34
27
39
39
39
39
39
39
15
