24
24
24
7
13
8
8
8
25
25
25
25
12
12
43
43
17
32
40
38
32
32
32
32
32
50
50
44
8
4
31
31
31
31
31
31
38
38
38
38
45
45
45
45
48
48
48
48
48
48
42
17
44
44
44
44
31
31
31
31
31
3
1
1
38
38
38
38
9
9
3
3
49
45
45
45
31
31
49
21
17
17
37
49
49
39
39
49
49
49
49
3
3
28
35
35
35
4
4
5
5
5
5
5
5
5
5
5
5
5
5
5
27
15
15
15
15
32
12
46
46
46
50
25
3
25
48
46
46
46
22
22
36
38
41
32
32
32
32
32
32
32
27
27
27
27
27
27
39
39
34
30
23
23
23
23
23
23
23
23
7
28
28
28
28
28
28
28
28
5
5
33
33
33
19
19
45
15
15
15
15
38
26
26
26
50
50
8
8
20
20
20
40
35
22
43
8
5
5
12
12
13
