17
42
42
42
43
43
43
43
43
5
5
46
46
49
49
12
20
20
20
20
8
1
14
14
18
18
18
46
46
19
45
45
40
40
40
43
27
15
1
9
18
40
40
40
26
21
16
16
16
16
16
44
44
44
44
44
44
37
37
15
15
15
17
5
5
25
25
25
25
25
36
10
34
20
48
27
21
14
14
47
42
42
12
15
15
15
15
15
10
2
22
42
42
20
1
1
1
36
30
25
25
25
25
25
25
7
7
27
27
27
27
24
7
7
7
7
9
9
9
3
3
3
37
37
37
37
37
12
12
4
43
15
15
15
15
17
17
17
27
40
40
11
11
11
11
11
41
1
12
10
10
12
12
17
17
38
38
38
1
36
16
45
45
35
2
49
49
47
26
9
9
49
8
32
32
21
47
32
32
32
32
50
50
17
5
6
14
31
31
31
23
23
23
23
23
26
26
2
2
46
18
18
