15
15
6
45
45
45
24
43
43
26
26
26
26
26
26
15
15
4
4
4
4
14
39
35
35
3
3
50
50
28
22
22
5
27
27
32
29
41
41
34
22
4
4
4
4
16
23
23
23
47
47
25
25
3
26
26
26
26
26
23
6
13
13
13
13
13
36
43
43
45
45
45
19
12
37
7
7
7
9
29
2
2
2
32
32
32
32
4
4
23
4
4
44
44
44
44
44
38
40
40
11
9
9
9
9
47
47
47
13
11
11
11
14
9
9
50
47
47
1
33
26
3
3
45
45
45
45
45
45
14
36
39
39
39
39
25
25
17
32
32
32
48
48
8
23
47
47
47
47
47
47
20
37
37
37
37
37
37
37
13
13
13
3
32
32
21
14
14
10
24
20
49
29
29
1
36
42
17
2
2
2
9
35
35
35
35
35
33
33
42
7
41
41
5
5
5
18
9
9
9
9
9
