33
30
30
30
22
49
42
44
44
44
44
44
8
28
6
50
50
37
37
6
6
6
6
24
44
44
44
44
44
44
44
44
27
9
17
2
2
2
2
2
15
15
25
25
25
25
30
4
4
22
22
22
10
10
10
10
10
2
2
23
23
15
17
17
49
49
49
32
6
6
6
45
8
8
46
46
46
46
11
1
3
3
6
6
6
23
44
46
46
46
12
12
37
37
12
19
19
19
19
41
25
25
25
6
11
11
34
34
39
34
28
28
28
28
2
44
41
41
20
45
45
45
45
45
45
45
45
30
38
38
38
18
37
37
37
37
37
37
37
37
37
1
12
5
5
9
9
9
30
26
26
21
16
16
16
50
46
20
38
38
40
40
32
32
21
21
21
21
28
28
28
28
28
18
18
18
18
18
16
16
16
47
47
47
47
26
36
5
18
17
46
42
24
35
42
42
42
18
18
12
12
33
