3
37
37
27
27
5
19
38
45
33
7
7
20
6
36
47
48
48
48
48
48
48
48
48
32
32
23
11
11
11
24
1
37
40
40
40
40
50
50
50
50
29
29
29
42
42
42
42
42
35
35
3
6
6
6
39
15
10
34
34
29
21
21
34
34
34
34
34
34
41
5
5
5
16
33
33
29
1
5
5
5
5
5
5
14
19
14
13
20
6
6
2
23
23
23
23
23
31
31
31
31
31
31
3
20
18
18
29
29
29
44
44
22
22
22
19
19
19
16
22
22
8
8
25
25
37
37
37
37
37
37
37
37
45
45
29
29
16
16
12
12
12
12
12
12
12
14
29
32
30
32
32
32
32
32
44
19
25
11
44
44
14
21
21
21
21
21
21
21
21
11
11
11
11
10
29
29
29
21
3
23
5
46
46
44
21
21
11
24
48
48
48
48
45
45
26
14
14
45
45
7
7
