22
35
42
20
20
7
7
7
7
42
31
31
31
31
14
13
13
22
22
22
22
22
22
22
22
22
32
50
50
50
50
12
12
15
3
3
3
3
3
30
30
30
30
49
37
42
33
33
39
50
50
40
25
24
24
24
9
9
26
35
18
42
4
4
4
4
30
39
39
48
48
44
44
44
42
28
40
50
1
1
1
1
1
1
1
1
1
1
1
32
32
32
32
32
37
49
49
15
15
15
15
19
19
1
31
31
30
39
9
9
9
22
22
22
27
49
49
49
40
40
10
10
50
50
50
46
50
50
50
50
19
19
25
25
2
6
18
18
24
24
39
39
39
39
39
43
30
30
30
30
30
32
32
32
24
36
36
36
36
36
34
34
34
34
34
5
5
5
44
44
44
22
22
22
22
22
22
8
8
25
25
3
3
3
34
3
3
25
46
20
50
20
28
24
24
12
22
22
37
11
11
9
