5
9
9
18
50
14
7
7
15
7
44
4
30
30
42
38
38
46
46
16
16
16
16
24
11
11
37
38
3
3
21
21
21
24
41
41
42
42
44
44
35
37
40
17
29
2
3
3
3
33
50
19
25
31
31
31
31
31
10
10
20
20
6
14
27
27
27
27
27
30
8
25
25
25
25
25
25
25
25
25
8
24
11
11
11
11
31
19
6
6
6
6
15
15
15
45
45
45
45
45
45
29
29
29
41
24
24
24
45
16
16
50
50
17
7
30
30
9
26
9
15
15
15
15
19
19
19
19
42
50
50
32
1
42
42
19
19
28
42
16
16
16
16
46
8
24
38
38
38
38
24
24
40
40
10
10
11
50
50
26
26
26
26
1
1
1
1
37
8
44
44
44
31
31
31
31
31
31
31
31
31
31
44
44
27
33
40
19
19
19
20
20
27
27
27
41
41
32
32
32
32
17
