25
25
23
30
30
30
30
30
1
1
47
35
42
6
6
6
28
29
29
49
5
19
33
33
33
42
22
22
22
22
48
48
6
6
6
6
6
6
6
37
28
28
15
19
49
49
26
39
39
39
39
44
44
44
23
41
10
31
31
30
30
30
30
19
14
20
10
10
10
10
10
25
25
25
25
19
19
19
22
22
22
19
45
45
3
3
3
50
50
7
40
42
27
14
14
47
47
50
50
50
25
25
25
25
25
10
10
16
46
46
46
46
17
19
19
45
45
40
40
40
8
45
6
12
12
12
12
12
45
45
45
32
20
26
26
36
36
26
1
21
21
39
39
30
30
39
2
2
15
4
4
4
34
34
12
12
12
12
12
49
49
7
32
32
50
28
21
21
10
9
31
31
14
14
8
2
1
1
1
1
1
1
1
1
1
34
14
26
50
18
36
25
25
25
25
29
29
38
18
10
10
10
