8
19
19
50
50
50
22
28
34
43
43
43
43
43
43
50
50
23
8
8
38
28
47
42
42
2
48
43
21
25
14
44
38
13
23
23
23
23
48
13
13
13
13
9
33
33
50
46
46
20
11
38
38
36
36
38
38
38
27
10
13
40
46
46
46
46
17
17
31
4
4
49
49
49
49
49
49
27
15
30
22
22
5
5
5
22
37
31
13
36
42
42
37
45
38
38
38
38
38
6
6
6
47
46
26
16
16
39
39
39
39
38
20
20
20
43
43
43
8
8
41
16
3
3
9
10
10
13
13
12
18
1
1
5
5
4
4
29
29
29
43
37
37
10
10
10
10
23
23
23
23
23
49
49
44
44
44
32
32
29
29
29
50
1
50
50
50
50
49
13
13
13
13
44
44
30
30
17
17
9
14
18
45
41
14
14
33
30
42
42
42
42
24
24
24
16
20
20
20
20
36
9
