12
45
4
4
4
32
32
32
24
24
24
38
38
38
38
38
38
11
11
12
12
47
47
47
45
45
9
35
35
10
10
34
34
12
33
33
42
42
30
30
50
50
50
21
27
27
5
15
15
42
42
25
25
25
25
25
23
23
25
49
33
36
36
36
34
26
2
4
4
42
11
11
19
19
7
2
36
13
13
4
4
12
7
21
42
42
42
47
47
31
31
31
50
50
50
50
3
3
12
25
35
7
7
7
6
6
6
6
50
50
50
50
8
19
19
43
36
36
27
27
13
44
44
5
5
5
5
29
29
29
29
29
21
5
21
46
34
4
4
4
39
39
31
31
28
28
28
46
46
46
46
47
22
22
44
44
44
30
30
36
36
36
22
18
18
18
18
17
37
37
37
19
16
16
27
27
27
27
27
27
27
4
50
50
42
42
35
35
13
13
31
25
42
42
9
5
5
5
2
2
17
21
