45
6
6
6
6
6
6
6
6
6
6
41
26
26
50
50
50
38
38
3
3
18
31
31
12
12
12
29
43
15
21
20
27
10
10
10
10
29
41
41
41
41
41
42
50
34
34
29
29
30
12
36
36
36
1
7
7
9
36
35
35
35
48
41
30
10
24
24
24
8
2
2
2
25
25
25
25
25
25
34
34
29
14
14
9
9
39
39
39
39
39
32
32
26
43
43
24
24
24
44
42
11
11
24
47
47
47
6
6
6
6
44
44
44
43
23
5
47
47
50
4
9
29
48
46
48
48
48
1
1
1
1
1
4
4
4
33
33
33
3
3
3
28
28
41
41
41
41
6
9
9
9
7
8
37
16
16
16
30
30
30
30
14
7
7
15
15
15
41
41
28
28
16
16
4
37
37
2
9
9
46
46
46
46
46
31
31
20
41
9
9
9
4
4
4
4
37
37
37
37
37
37
