21
21
1
1
41
41
41
41
41
48
48
28
2
2
2
2
22
25
39
10
10
10
10
10
19
4
4
32
43
43
43
12
28
28
28
28
28
23
28
28
18
18
18
15
14
14
45
25
25
25
25
23
40
40
48
48
48
48
12
6
6
24
36
13
21
3
3
3
16
16
3
3
3
3
3
42
42
42
42
42
23
18
33
33
3
39
39
39
39
31
31
26
48
48
48
43
11
6
6
6
6
13
26
26
26
26
42
42
17
17
24
15
26
26
9
37
14
3
14
19
19
19
27
3
3
48
48
48
25
42
1
30
27
31
31
31
31
10
49
49
16
44
44
44
31
49
26
26
26
26
26
45
1
1
42
48
32
32
45
45
10
44
44
44
44
32
21
16
16
16
16
16
16
26
12
29
29
29
6
6
19
9
47
15
15
23
37
17
33
33
43
3
3
3
3
3
3
3
3
3
12
17
