46
48
34
25
29
28
28
3
9
6
6
6
6
6
18
19
19
19
19
11
11
11
23
2
2
1
33
47
18
18
10
45
31
31
31
33
33
33
28
37
37
38
13
13
13
21
21
21
28
28
28
8
17
17
1
1
1
15
30
6
26
26
44
10
49
15
9
9
9
9
39
39
9
9
9
28
28
35
35
39
17
36
36
36
23
23
42
16
38
9
39
45
23
23
38
38
38
18
34
43
27
27
40
7
37
23
30
41
30
30
30
16
27
25
25
25
25
13
40
40
12
27
27
27
27
27
35
35
35
35
24
24
24
24
22
22
22
22
46
48
48
11
11
11
37
37
9
11
11
24
24
21
21
37
8
44
44
44
44
22
22
9
9
22
22
22
22
12
12
32
30
30
35
35
38
38
34
26
26
46
46
46
46
39
39
44
38
38
30
30
30
30
46
20
21
21
31
31
31
31
25
25
