1
36
38
43
43
43
14
14
14
45
48
6
16
16
10
43
5
32
49
18
18
18
27
19
19
24
24
24
24
37
12
7
7
7
22
6
49
49
49
49
49
33
33
33
9
38
38
46
3
3
42
42
30
30
30
30
30
30
30
30
48
30
30
30
30
46
46
46
7
28
26
10
10
10
10
41
41
30
5
21
21
18
40
5
12
12
12
12
12
47
28
28
34
28
44
44
44
20
20
23
23
42
42
42
13
13
13
13
2
2
6
6
6
6
37
37
37
7
7
7
7
7
7
16
20
20
20
20
20
20
34
1
1
32
32
27
22
22
21
27
15
27
27
19
12
12
16
16
16
37
37
13
45
30
30
30
30
30
21
36
22
22
22
22
22
21
21
9
9
31
46
46
29
29
29
39
37
37
46
16
36
36
34
34
34
8
27
33
5
5
5
5
5
44
44
24
24
24
24
24
24
36
