6
20
20
30
24
24
5
40
40
40
26
36
36
22
22
3
45
45
18
18
18
18
18
10
12
5
50
22
22
24
12
12
9
44
32
49
49
49
13
13
46
46
31
41
41
41
41
41
41
41
35
20
20
20
29
29
29
29
29
29
50
50
50
4
4
4
4
4
4
33
48
48
48
40
45
45
11
29
29
29
29
31
31
8
31
31
29
35
45
45
45
5
24
10
10
10
10
10
20
19
38
10
10
10
10
10
10
10
32
29
29
36
23
4
2
50
45
30
37
1
1
28
34
34
34
4
50
44
44
44
44
24
24
35
47
47
47
21
21
35
8
8
8
8
8
9
9
12
12
16
1
28
18
18
12
11
42
42
42
8
8
8
5
5
5
5
5
5
5
5
5
5
29
29
31
17
35
24
37
24
24
14
20
20
15
15
44
44
47
47
29
50
14
46
46
35
35
35
31
31
31
19
