8
8
8
38
38
27
27
24
29
29
29
17
8
8
8
41
9
25
25
25
25
17
41
41
30
30
30
30
30
34
28
40
40
32
5
29
29
29
29
9
43
43
6
6
46
22
46
46
36
47
47
50
50
50
10
14
14
14
14
14
37
37
37
37
37
24
29
38
35
40
40
28
18
18
18
18
18
18
18
35
36
18
41
41
41
41
35
2
2
45
32
32
15
30
30
36
36
36
36
20
20
25
25
27
27
27
27
27
5
18
22
37
26
26
23
44
16
16
46
46
46
27
41
13
29
29
25
25
25
9
9
8
31
5
35
35
35
1
24
50
50
6
10
35
35
35
35
35
41
8
2
2
2
2
2
28
34
34
34
28
27
5
5
39
39
23
23
23
23
50
45
50
50
47
25
25
16
16
16
31
29
29
29
29
29
1
35
14
14
12
12
6
25
25
36
36
11
11
11
24
24
13
