7
7
5
5
45
45
45
27
35
35
28
2
2
44
44
14
14
14
14
14
39
33
33
33
33
8
8
42
6
21
7
7
7
7
7
7
7
7
7
10
34
29
29
13
13
50
50
50
50
50
5
1
1
1
45
16
40
17
17
17
17
10
19
19
6
5
50
14
38
38
14
1
1
1
1
36
3
3
34
34
34
35
35
2
33
32
32
32
23
23
23
6
22
11
11
42
42
42
42
42
10
9
9
9
33
40
5
4
4
19
19
15
5
5
5
5
24
7
7
50
10
10
27
27
30
30
46
18
18
42
3
23
23
23
23
40
40
12
7
44
28
28
28
3
3
42
9
46
35
19
28
28
28
28
28
11
29
34
34
34
17
44
44
23
23
23
30
20
20
20
20
21
23
23
36
1
23
23
23
23
5
29
1
1
1
1
1
33
2
18
5
31
31
32
32
32
32
10
10
10
33
33
