34
31
15
25
25
41
46
46
25
25
25
25
25
25
25
3
18
31
23
13
13
13
13
24
24
35
35
35
12
1
47
17
13
13
13
13
13
13
39
13
34
34
25
25
49
40
18
18
31
45
5
13
37
23
3
3
3
20
16
16
9
9
9
9
9
9
9
9
9
33
33
33
33
33
40
40
12
12
12
11
11
43
26
4
38
38
38
36
36
36
31
10
10
10
39
32
32
32
8
8
19
19
49
49
48
48
48
31
12
46
46
46
46
19
19
19
19
19
16
16
40
45
4
11
50
50
5
5
38
43
43
43
43
9
9
32
32
33
8
33
15
42
42
16
38
29
29
29
29
29
26
44
44
50
37
37
12
12
12
7
7
7
34
27
27
27
27
27
13
6
6
35
39
39
39
39
30
15
44
22
22
22
22
17
17
17
17
17
16
16
16
16
16
3
46
46
46
42
20
20
20
20
