12
50
50
50
50
50
50
19
20
20
50
16
16
16
16
35
34
34
31
31
31
28
28
18
18
5
20
20
21
48
48
24
24
24
20
20
47
13
13
13
5
5
5
5
5
19
19
10
24
11
11
11
11
2
2
32
1
38
38
38
42
42
21
21
21
40
40
40
13
13
31
31
50
9
42
42
42
13
20
20
20
1
1
1
15
15
15
32
26
26
26
48
45
45
28
47
47
47
47
20
10
10
10
10
9
19
19
19
19
19
20
47
16
17
45
17
17
17
40
26
39
39
39
39
39
39
39
5
42
8
20
15
15
7
7
48
48
48
48
48
7
7
19
29
29
38
18
42
42
42
42
42
42
42
11
11
11
23
23
23
23
23
21
21
8
8
8
8
8
34
34
34
34
34
34
36
31
31
17
13
13
45
13
43
40
40
40
9
9
27
1
17
3
41
41
41
41
41
41
41
39
39
