4
4
48
48
6
30
30
30
30
22
17
17
17
31
50
50
50
50
50
47
47
46
49
7
7
7
7
24
32
17
17
4
4
25
47
47
47
47
50
34
34
12
12
37
37
37
24
24
38
38
38
11
14
16
25
25
25
25
25
45
45
45
45
45
32
27
18
18
22
9
46
46
46
46
46
40
13
6
13
11
11
1
1
1
50
29
29
29
29
25
42
20
20
20
20
20
20
20
17
17
17
17
16
16
16
45
45
2
2
19
42
42
30
14
30
36
36
36
41
18
47
47
37
37
37
9
9
9
9
20
48
48
48
3
27
39
38
13
13
27
6
6
35
42
26
26
26
26
28
28
28
28
28
24
24
24
15
21
21
21
21
31
11
11
30
30
34
44
44
17
17
17
16
40
36
36
27
27
21
33
48
18
18
34
14
14
46
11
11
11
1
1
1
1
21
21
48
39
39
37
37
29
