3
3
3
15
15
15
15
15
33
8
35
33
33
33
50
50
50
50
50
50
50
50
35
44
44
44
44
5
5
5
5
5
5
24
1
1
19
19
19
19
19
19
19
10
22
9
9
46
46
46
4
33
33
23
42
42
47
47
33
1
6
6
6
6
6
3
18
18
26
26
26
34
34
40
40
37
37
6
50
14
14
47
46
26
26
3
47
47
47
27
27
27
6
6
38
38
8
8
8
8
45
32
32
10
16
25
24
37
37
31
31
9
9
14
14
21
42
42
10
9
9
9
50
50
41
41
16
16
3
46
50
50
39
39
21
21
21
21
21
27
35
35
7
5
5
46
32
32
14
33
33
33
41
7
27
32
32
32
32
32
39
8
29
39
7
7
27
29
29
17
11
11
43
2
2
2
2
45
46
46
37
26
10
5
31
43
28
28
26
12
37
1
41
11
11
44
44
44
11
11
32
1
