1
1
1
50
41
29
29
29
29
23
23
23
29
29
1
9
9
7
7
2
49
19
19
19
19
22
22
10
10
10
10
32
14
14
14
20
38
45
45
24
24
24
24
42
2
46
46
36
27
27
48
48
48
48
25
25
15
15
38
29
29
29
5
6
8
8
8
8
47
47
3
39
40
40
40
40
40
29
29
29
6
6
6
6
6
6
6
6
6
12
16
28
28
34
45
24
24
3
3
12
2
2
2
2
20
20
3
15
15
15
15
29
6
6
44
44
8
8
7
30
30
30
3
10
14
14
14
14
24
24
31
14
14
9
9
9
9
9
9
9
16
16
18
25
20
7
7
8
45
22
22
22
22
36
36
37
21
21
21
12
12
12
27
2
23
5
5
42
42
43
43
19
28
28
3
3
3
14
14
13
10
8
9
9
43
43
25
2
2
34
27
27
7
11
36
40
2
2
33
33
33
30
