12
12
12
12
12
26
26
19
19
19
49
49
37
37
37
40
20
2
2
2
42
42
42
13
13
28
28
28
28
30
33
33
39
43
43
43
43
26
37
20
5
5
5
5
5
28
28
18
1
1
1
36
10
37
9
9
9
5
10
10
9
9
9
9
9
18
18
18
18
23
50
50
4
4
43
43
43
43
43
43
43
44
44
44
34
34
16
16
16
16
46
46
3
33
44
45
45
39
22
41
41
23
23
23
23
9
41
14
14
14
14
14
14
14
21
26
26
26
44
1
1
23
23
34
34
34
17
17
21
21
41
32
32
13
13
13
13
13
14
16
16
30
30
30
22
6
40
49
49
39
38
38
38
26
26
26
41
7
7
7
46
46
46
46
21
25
43
49
26
26
26
35
26
26
26
26
26
36
36
36
10
10
4
4
4
45
45
45
4
41
41
41
5
5
5
38
33
36
36
21
31
31
