16
1
31
5
5
46
27
27
47
28
28
4
4
12
12
12
39
28
28
17
17
12
12
13
37
37
5
18
18
48
28
21
30
37
37
37
13
35
35
20
15
15
15
14
4
36
36
36
36
11
23
15
4
19
46
46
46
46
46
46
42
26
26
1
17
39
19
19
36
36
36
41
15
36
36
27
13
7
7
7
7
31
31
31
3
3
3
24
24
24
25
1
1
44
24
24
24
24
12
4
15
15
15
35
35
35
34
34
34
34
34
1
1
1
26
26
26
26
9
9
9
9
9
31
31
31
31
31
17
24
24
24
24
25
18
29
29
6
17
17
17
17
12
12
50
50
25
3
3
4
2
37
11
15
21
17
50
47
47
24
9
40
40
40
40
10
20
20
20
20
20
39
24
1
13
40
7
7
30
16
16
16
36
36
36
36
46
8
12
41
41
41
41
41
23
23
23
23
38
17
17
36
