45
45
4
4
49
29
29
29
29
48
48
48
48
48
44
44
34
34
26
15
15
15
28
45
30
26
45
4
4
4
46
39
39
39
18
18
18
12
36
33
33
12
12
12
12
12
12
42
42
40
40
42
42
22
27
27
5
3
50
10
10
10
4
26
32
20
20
20
20
20
20
20
44
11
11
34
49
8
19
27
27
11
11
11
35
23
23
23
23
37
37
37
36
16
9
9
9
6
6
48
48
48
48
48
48
5
31
31
3
36
36
37
4
22
22
22
26
3
50
50
42
42
6
9
9
30
41
41
42
42
42
39
39
39
39
42
19
23
23
34
41
45
45
9
9
29
29
29
7
7
7
1
1
25
25
25
16
16
16
16
16
23
23
23
23
23
35
35
10
13
13
13
13
42
42
47
47
20
48
38
20
20
20
1
1
35
35
35
35
12
12
13
13
13
13
48
48
4
18
18
25
25
