37
23
28
28
28
4
4
50
50
40
40
40
30
38
34
34
34
34
34
34
50
50
42
42
21
30
30
30
7
7
17
22
22
42
14
14
37
43
34
34
49
24
40
40
45
45
45
11
11
11
3
29
14
14
14
14
19
10
18
49
43
43
43
43
40
40
15
28
46
30
32
32
32
32
32
23
9
9
32
20
47
47
38
47
47
47
50
50
50
28
48
48
42
42
42
42
50
13
5
5
5
5
14
38
8
8
8
8
8
40
3
20
35
35
35
35
35
35
35
35
35
6
6
6
6
6
6
6
6
6
31
9
4
34
12
12
12
12
12
41
12
23
43
43
14
14
14
14
36
36
47
47
8
17
39
39
26
7
7
9
9
12
12
29
29
29
29
34
34
8
8
8
39
39
21
29
29
3
36
47
33
22
36
22
5
5
5
36
45
45
45
4
4
4
4
22
22
22
38
38
23
35
