48
48
48
41
41
8
15
11
10
20
37
8
8
3
3
3
9
9
9
9
30
30
30
41
41
41
41
11
48
48
48
13
13
13
13
13
1
11
28
1
1
42
42
45
22
22
22
22
3
4
47
18
18
7
7
7
7
7
39
50
34
31
31
13
13
13
30
29
29
29
18
18
10
47
47
3
3
3
41
41
41
41
41
41
8
32
12
13
32
32
32
8
41
41
35
20
20
32
24
1
21
1
44
1
1
1
1
1
46
46
8
8
12
12
23
23
23
48
33
33
33
33
44
39
39
45
45
45
45
5
41
41
41
41
41
43
39
35
35
35
27
27
27
7
7
42
1
35
35
12
36
36
5
5
5
38
37
10
37
40
40
40
40
16
7
7
13
13
28
19
19
19
19
19
11
11
11
11
11
11
23
23
35
3
3
42
42
34
34
34
39
39
26
26
1
1
17
17
17
17
17
17
