35
30
30
27
27
22
15
15
15
6
6
38
38
38
39
39
45
45
45
50
41
26
26
22
22
41
49
13
13
13
13
13
13
47
47
11
1
16
16
16
49
34
34
1
13
32
32
5
5
5
14
14
6
6
6
20
20
47
47
47
47
16
16
16
23
23
34
23
23
23
23
33
33
49
21
44
29
9
22
22
22
22
11
11
36
26
26
15
46
46
15
48
48
48
48
48
7
7
17
2
2
2
17
27
12
12
27
27
27
19
19
40
40
35
22
22
22
22
22
25
25
25
50
39
39
39
39
39
39
30
31
8
8
8
25
25
25
25
10
10
10
38
38
38
31
31
31
31
31
31
31
12
21
35
10
10
30
30
30
30
6
6
7
11
9
3
9
48
48
17
4
15
2
2
22
15
8
35
11
11
31
17
13
10
22
22
22
22
22
22
31
31
26
13
16
48
23
19
19
45
45
22
