49
49
45
45
45
45
45
46
15
15
37
36
36
30
30
30
30
30
28
28
28
50
50
40
12
12
12
12
12
10
10
10
36
36
36
36
34
34
34
34
5
5
5
5
3
15
29
28
28
23
23
30
9
9
7
40
40
40
39
39
39
37
49
26
26
50
50
50
5
29
23
44
4
4
18
18
18
18
18
7
6
6
6
22
46
12
12
12
7
48
48
48
37
4
4
38
38
45
9
38
38
15
41
41
11
24
21
7
10
36
36
18
32
32
22
22
22
37
41
41
44
44
19
14
14
14
49
16
34
34
34
34
34
16
42
31
23
23
41
15
44
12
12
47
47
23
23
25
48
48
29
3
3
39
15
30
30
30
41
2
2
2
2
2
2
35
1
8
8
37
30
30
33
33
39
26
47
47
47
47
1
1
40
11
19
49
16
47
47
47
35
41
41
16
16
50
23
50
37
10
35
17
