28
26
26
29
29
29
21
47
47
21
37
12
12
44
42
20
20
20
20
17
17
17
44
14
14
14
14
2
40
41
41
42
42
42
10
41
32
32
40
17
17
10
10
10
4
4
4
25
25
37
37
37
37
37
37
21
38
26
26
15
30
30
30
5
33
33
33
22
22
28
28
3
40
40
37
13
13
30
30
30
47
47
40
18
42
45
45
23
26
47
47
47
47
2
15
15
15
21
23
23
23
34
32
32
44
44
44
44
44
44
33
33
33
33
30
4
4
37
24
24
24
24
26
9
49
18
28
26
26
26
11
11
11
41
41
8
49
49
49
49
8
18
3
3
38
38
38
28
2
33
4
4
4
28
28
43
43
43
46
46
9
5
5
5
5
5
8
8
37
37
37
37
37
5
48
48
48
2
2
46
18
32
32
32
32
32
32
32
32
34
34
34
34
49
33
44
42
41
41
41
15
7
