35
5
32
18
28
18
3
49
49
4
4
7
7
31
37
38
38
44
8
8
19
19
19
19
11
12
12
46
31
31
33
9
37
37
37
34
14
34
30
3
49
49
44
44
44
44
49
22
36
6
2
2
2
9
27
27
4
48
48
48
45
45
45
45
47
19
19
28
10
10
3
24
24
24
40
19
19
21
25
49
27
27
27
27
22
25
35
49
49
49
49
49
49
35
35
14
14
14
14
13
23
23
23
23
23
23
23
23
24
44
10
10
10
19
19
19
6
15
15
15
15
28
28
28
19
19
2
2
7
24
24
24
24
21
12
12
12
11
11
11
11
36
36
36
36
33
4
49
31
24
24
24
24
24
9
20
20
6
15
44
44
1
38
38
38
22
40
32
8
8
41
7
38
20
20
20
33
33
33
16
1
1
1
1
1
44
44
10
43
11
42
42
42
49
37
30
30
30
12
34
21
11
