16
16
17
37
49
3
42
22
6
26
26
2
2
41
15
9
9
15
15
15
13
13
13
7
7
42
42
25
25
43
43
43
43
43
43
43
43
43
28
28
28
19
19
39
12
24
24
4
24
24
24
24
24
44
44
44
44
44
44
44
4
29
6
6
42
42
42
42
42
42
42
22
40
40
34
37
7
11
11
11
11
11
11
11
20
20
12
12
12
12
12
16
23
29
29
11
37
26
26
26
15
15
15
15
15
38
38
2
46
40
40
2
2
2
22
20
34
4
48
48
30
7
7
7
11
30
5
45
46
46
12
9
9
9
39
39
39
39
39
48
43
16
1
2
2
2
45
45
45
45
45
31
31
31
49
49
49
1
32
17
17
47
47
47
50
50
3
23
23
23
6
10
10
10
28
11
11
11
8
8
40
32
12
7
3
7
7
29
42
42
28
28
28
28
28
36
32
32
46
5
5
5
