36
6
18
32
32
32
44
44
44
44
36
24
24
28
28
16
16
16
16
16
16
47
47
47
19
19
19
19
19
19
19
44
44
44
34
11
7
7
10
10
6
41
34
10
10
15
7
12
12
1
11
11
11
11
43
43
42
48
31
11
39
35
35
45
27
27
27
17
47
6
3
12
12
12
14
14
13
49
49
4
4
4
50
50
50
21
5
5
5
5
36
4
9
9
24
35
16
17
17
13
19
42
42
42
28
28
23
23
23
13
13
10
47
22
22
27
27
23
38
37
9
9
9
9
9
3
3
24
24
24
24
24
24
27
27
27
27
46
46
35
10
10
10
17
17
17
46
8
14
14
14
14
14
14
14
10
10
10
10
4
4
31
4
4
1
1
7
5
35
35
28
28
28
28
25
10
10
27
27
22
19
16
33
33
33
33
49
29
29
28
28
28
28
32
32
32
7
7
7
48
48
32
