32
23
23
23
37
23
38
24
28
28
28
3
17
31
31
23
9
9
9
7
7
2
2
34
34
34
34
34
34
12
48
6
50
18
50
50
50
49
37
8
41
19
19
19
50
50
27
11
43
21
40
29
37
37
41
39
28
28
7
7
7
7
7
2
2
13
25
38
44
44
24
48
48
48
48
33
33
33
33
33
33
7
13
13
13
13
13
39
39
13
13
13
43
43
45
41
41
41
41
41
36
42
34
30
42
42
42
31
35
50
50
41
34
34
34
34
6
49
40
26
13
13
7
7
7
7
26
26
26
21
21
21
14
45
16
16
1
9
9
9
9
9
9
9
9
9
44
14
25
25
25
38
38
38
3
38
16
48
27
15
15
15
15
15
49
49
14
9
9
42
44
19
19
47
22
22
22
22
21
32
32
32
44
44
40
40
40
40
40
15
3
3
44
44
46
46
46
10
7
7
1
1
