8
8
8
8
8
8
8
5
30
30
30
35
1
18
18
24
24
24
33
33
33
39
39
39
39
39
39
45
45
34
34
41
41
41
41
23
23
38
8
8
8
8
8
3
3
13
38
22
22
24
9
14
4
4
30
30
2
41
2
47
47
47
47
49
12
12
4
4
46
46
46
48
41
34
34
44
35
35
24
24
24
24
24
24
34
37
37
37
37
38
27
27
27
2
7
7
49
49
49
21
23
23
23
43
43
44
46
37
13
28
28
28
6
6
41
37
37
21
2
49
38
18
18
3
3
3
14
33
14
26
50
16
16
16
16
21
21
21
32
32
7
26
26
26
26
26
14
23
30
30
36
12
22
35
35
35
35
34
34
33
33
19
46
16
16
16
46
46
46
46
42
25
25
25
1
16
16
19
6
6
6
6
39
39
39
35
45
7
7
7
11
22
22
45
45
45
40
2
2
2
4
4
