20
3
3
3
3
13
22
20
21
21
21
40
18
7
12
12
12
12
12
40
40
40
40
50
5
5
32
50
50
50
50
46
46
46
46
27
27
27
3
39
19
30
40
40
40
40
40
15
42
42
1
3
14
14
14
14
37
37
10
10
6
17
30
37
37
37
37
37
37
49
49
49
49
10
21
21
21
21
28
28
6
25
25
49
3
3
28
3
46
25
23
2
2
47
27
27
27
3
3
3
4
48
46
46
46
50
27
27
39
39
39
30
30
30
42
1
1
1
4
48
48
48
3
3
18
27
27
27
27
12
12
16
16
49
49
43
24
21
21
21
34
34
2
16
25
10
10
41
14
5
2
28
18
14
42
25
22
23
21
21
21
21
43
43
9
9
24
36
20
20
2
2
42
17
43
15
15
15
41
3
3
3
3
3
18
18
37
42
16
13
46
23
24
24
10
13
13
13
14
14
14
37
