11
32
48
50
50
50
50
4
4
4
23
21
21
21
46
46
46
46
47
39
23
23
23
23
23
23
23
23
14
14
36
36
35
35
35
27
12
16
39
39
6
6
6
10
41
41
19
19
19
42
27
27
43
33
38
49
8
6
6
34
34
48
48
48
24
24
24
27
27
28
22
22
22
3
3
3
24
24
27
27
27
9
30
35
35
45
28
28
28
37
37
37
37
37
37
37
37
44
44
44
44
44
44
37
37
37
25
25
25
25
29
17
17
17
41
15
15
15
15
1
38
38
38
38
38
44
44
44
44
24
19
19
19
19
3
26
26
26
26
40
40
13
25
25
46
46
46
46
14
19
19
19
19
19
32
32
7
30
4
4
34
34
34
34
34
34
34
34
34
34
34
29
16
16
18
18
18
18
18
25
48
48
22
22
22
18
18
18
18
18
18
34
34
34
34
32
36
36
23
9
9
9
