48
48
48
48
28
28
50
45
50
11
11
11
11
11
42
42
28
46
46
46
46
25
25
25
32
3
3
11
15
38
38
50
50
28
14
14
6
6
6
6
6
40
50
35
35
22
22
40
48
48
48
48
48
37
34
34
34
9
23
23
14
14
14
14
14
14
14
38
3
40
40
40
40
40
25
17
28
7
7
7
23
23
23
23
23
42
35
33
33
42
30
30
30
30
26
34
34
34
48
48
9
1
1
1
1
30
30
30
12
12
47
47
32
32
23
23
23
23
8
8
8
8
35
49
38
11
19
13
1
1
32
32
32
32
13
13
13
3
3
12
12
12
12
27
27
27
29
29
44
44
44
44
44
44
14
28
44
31
10
1
1
23
23
23
20
24
1
31
41
41
5
5
5
2
28
9
1
1
4
27
27
27
27
36
23
14
20
20
14
12
12
12
34
23
14
28
28
44
32
38
38
38
