2
2
49
1
1
37
37
26
26
8
23
18
18
22
22
22
29
15
8
8
48
17
17
17
17
17
17
38
38
36
36
36
36
36
36
36
36
36
36
45
45
4
30
30
30
30
12
42
42
42
42
17
17
17
17
17
17
17
17
32
32
32
19
19
19
19
39
20
20
20
20
39
39
39
15
48
17
28
28
28
39
22
8
8
7
7
7
5
5
5
5
37
47
21
21
49
49
9
47
47
27
27
27
27
27
26
26
11
5
5
5
28
28
28
28
37
8
8
8
26
47
20
26
33
33
25
5
5
37
37
5
14
11
11
20
20
20
32
32
28
28
28
28
28
11
11
37
37
37
47
47
47
47
47
47
47
47
16
7
5
31
31
31
31
31
38
38
38
15
15
27
19
33
9
9
9
9
32
21
21
21
5
5
10
10
24
24
24
17
17
38
35
5
22
50
10
24
31
24
24
24
22
