14
3
31
31
32
32
32
33
49
49
47
47
47
47
47
47
47
47
47
8
8
8
8
20
20
40
37
29
29
3
18
20
20
20
20
20
15
16
15
32
49
6
42
42
20
20
20
37
14
14
11
4
39
39
39
39
39
39
39
39
39
39
22
22
22
9
26
23
22
48
3
3
3
22
22
22
35
35
35
21
21
21
30
28
28
28
28
3
20
20
43
43
43
30
8
8
8
45
45
45
37
36
36
36
36
36
36
36
36
36
38
38
32
13
13
12
12
12
13
13
13
13
49
24
18
18
18
18
32
37
37
36
36
15
43
43
20
2
2
2
5
5
5
32
2
42
8
8
49
49
31
35
11
11
18
18
18
18
10
10
3
16
7
33
33
50
50
32
11
11
28
28
28
2
11
11
11
38
13
41
3
29
31
23
48
36
36
32
32
50
50
50
50
22
23
13
30
30
30
1
1
18
