16
8
8
36
10
10
30
4
46
46
46
46
46
46
29
29
26
34
32
33
29
28
28
28
31
31
31
31
31
49
25
15
15
15
22
28
47
47
47
1
1
1
23
23
35
35
35
46
42
35
35
35
37
23
7
7
7
22
50
8
21
21
21
21
21
20
18
18
33
37
37
37
24
24
24
17
4
10
35
10
44
16
36
36
1
10
49
49
41
41
41
3
10
32
10
4
4
4
4
12
12
12
12
24
24
47
17
3
4
1
1
1
1
7
7
3
3
3
3
2
6
23
23
28
25
50
36
29
29
29
29
29
29
24
43
43
33
33
33
33
34
34
34
34
34
34
21
21
21
21
44
44
40
40
40
38
38
38
38
38
1
42
42
11
11
11
20
20
24
43
43
43
43
43
43
43
43
43
42
47
29
35
35
39
39
39
39
39
18
18
18
21
21
43
49
38
1
18
26
42
42
42
