45
33
35
35
36
49
12
12
12
12
12
17
8
44
48
48
48
36
36
36
28
28
44
44
44
6
6
45
25
25
8
8
23
3
3
3
3
3
8
4
4
4
4
43
43
11
11
2
2
2
2
2
23
23
23
36
36
36
36
36
36
7
37
17
17
33
33
33
33
33
33
33
33
14
14
14
14
47
47
47
47
29
29
29
29
8
8
42
40
40
28
13
36
36
36
36
36
36
36
36
31
31
6
15
15
15
45
11
11
11
11
11
11
11
45
38
38
14
14
5
7
7
34
29
29
38
38
38
38
38
38
38
38
2
2
21
8
8
22
22
22
22
25
35
29
29
28
39
39
49
49
49
49
50
50
50
40
40
3
19
19
3
3
13
1
1
13
13
13
20
32
32
16
16
38
38
49
49
24
8
50
50
1
1
8
44
29
29
25
25
20
20
20
20
19
24
24
8
8
8
12
12
