9
9
9
9
9
8
8
8
8
5
5
5
19
19
19
44
44
44
44
44
44
44
47
17
40
24
39
4
35
49
1
11
40
47
47
12
12
12
6
6
41
17
17
17
17
17
17
17
17
8
43
43
43
43
43
38
38
50
50
50
50
50
50
50
50
50
10
10
15
34
41
41
41
19
19
39
39
39
22
22
22
22
23
23
23
1
30
30
30
1
44
7
7
7
50
50
50
1
44
44
44
13
13
13
11
11
34
45
45
45
29
29
29
29
29
8
42
19
19
15
15
17
17
17
18
15
15
15
47
47
39
39
6
41
11
11
50
40
32
37
41
43
34
34
34
9
24
24
24
24
38
50
50
50
33
33
33
28
28
39
39
31
31
37
16
1
41
15
2
2
30
48
38
38
38
33
33
33
19
2
14
14
12
31
48
48
48
16
22
25
25
25
5
5
5
5
5
36
30
30
30
50
