38
38
27
27
19
19
19
49
8
8
46
40
36
26
26
26
1
35
15
15
15
15
43
43
43
18
18
25
31
31
28
28
28
8
8
8
8
32
5
8
8
5
43
36
36
36
36
36
12
43
43
43
43
43
34
28
28
28
12
32
42
3
3
7
5
5
5
5
32
33
33
21
21
21
9
9
26
3
33
40
15
15
37
5
5
47
9
9
7
13
43
39
17
10
10
20
39
8
8
8
8
5
35
12
12
29
25
25
13
41
41
41
4
49
23
27
35
35
35
25
25
3
12
39
46
46
5
15
1
41
5
5
5
5
25
25
33
33
32
12
10
35
45
45
45
33
33
49
47
30
30
30
21
21
34
34
34
24
20
20
20
20
20
20
20
19
16
22
22
22
11
26
8
45
45
22
22
22
22
22
22
38
43
43
43
8
3
7
33
17
17
17
26
26
26
26
10
10
1
1
38
38
