32
32
32
32
32
32
36
34
23
23
23
23
18
18
18
35
35
12
50
30
30
30
30
30
30
30
30
44
44
16
41
36
42
31
31
28
28
28
28
28
11
11
19
36
29
41
41
41
41
41
50
35
9
9
9
12
49
49
29
29
29
29
33
33
33
28
28
48
48
23
23
23
25
25
25
17
6
26
42
42
42
41
41
50
50
7
7
7
7
27
27
27
27
21
21
26
40
47
14
11
34
48
42
11
19
41
41
41
39
26
6
16
6
14
14
14
35
50
34
34
34
38
3
3
22
22
39
39
39
14
21
32
32
32
32
32
25
25
18
18
18
24
22
22
22
41
41
41
41
38
26
26
27
38
38
38
7
9
3
3
39
22
37
28
31
35
35
29
14
47
47
2
27
17
17
17
17
17
46
45
2
2
37
30
30
34
34
22
9
9
9
9
9
23
23
23
23
23
28
28
28
15
