35
35
35
35
24
30
30
16
2
36
36
7
7
7
7
7
7
7
7
7
37
37
8
10
45
36
36
34
34
34
34
34
26
26
29
46
35
35
9
9
9
50
21
17
3
49
13
13
13
17
25
25
37
37
14
27
27
33
33
10
26
21
21
21
21
21
21
21
11
11
11
7
44
45
34
34
44
44
23
23
10
10
49
49
47
47
41
33
33
22
22
15
8
8
8
34
35
35
35
16
5
27
47
47
47
26
27
27
27
27
44
44
44
44
17
49
25
25
1
29
19
49
4
4
50
50
28
7
31
28
28
44
35
35
36
26
20
20
18
18
18
18
33
37
32
32
41
41
34
2
6
6
14
47
47
13
25
25
20
20
3
38
38
33
43
43
43
11
11
27
27
25
21
48
48
48
39
39
39
41
41
41
45
5
18
30
30
30
30
35
35
34
34
34
34
34
19
19
19
19
4
36
