49
49
19
6
29
29
8
20
7
7
31
31
43
29
29
15
15
15
28
23
23
23
23
23
16
16
10
25
10
10
10
10
16
16
16
15
13
13
8
4
39
40
40
18
7
46
6
26
40
40
33
33
2
43
1
31
1
1
1
4
4
46
32
13
13
13
13
21
39
39
39
35
35
35
35
35
35
39
14
14
15
26
26
7
7
48
48
22
22
5
5
33
33
33
1
1
1
5
26
26
3
3
3
40
35
32
32
47
47
47
47
30
5
31
31
31
31
1
44
8
50
41
41
16
16
16
18
20
20
6
7
7
31
31
31
31
13
13
3
3
46
46
21
21
21
21
6
6
6
47
4
4
38
26
26
28
28
28
35
36
36
36
36
26
12
31
31
10
10
10
10
46
44
12
41
44
35
8
40
40
24
24
31
31
31
31
46
46
46
10
10
15
15
15
15
15
19
43
34
34
34
34
