45
50
50
36
46
46
38
38
38
38
17
22
22
22
22
22
22
22
12
35
15
15
16
16
41
25
25
1
41
41
41
33
33
24
32
30
45
45
45
45
6
6
1
1
49
35
28
32
32
42
4
24
24
24
2
2
2
2
2
2
2
2
37
7
7
7
7
7
12
32
32
32
32
32
16
16
16
26
26
43
13
13
15
15
15
15
40
40
34
24
24
1
1
1
1
1
1
30
30
30
37
37
43
43
44
31
31
31
31
31
29
29
1
1
38
38
38
49
3
39
39
16
16
16
16
16
16
11
11
11
29
20
20
41
38
35
18
37
15
44
44
44
27
7
7
25
25
13
13
13
48
9
33
33
33
19
22
22
5
6
6
6
6
23
23
10
10
10
10
10
31
12
15
43
43
43
11
24
8
4
4
2
2
2
2
41
41
41
41
11
11
11
48
48
32
32
32
32
30
9
31
31
