20
20
6
6
10
28
37
29
29
17
12
36
36
36
36
18
6
33
12
15
11
11
44
16
16
7
25
25
25
1
1
1
1
25
32
23
23
23
29
19
3
3
26
26
47
47
9
9
20
20
7
30
23
25
10
1
1
28
28
28
2
9
34
1
1
49
18
10
34
34
34
27
48
35
1
1
5
48
48
48
20
36
36
16
16
16
38
38
38
38
16
20
20
47
6
4
4
30
23
47
47
22
22
3
9
9
9
14
5
5
34
34
37
17
29
29
7
7
25
25
9
29
29
38
38
38
43
43
39
39
21
21
43
7
7
7
7
5
5
49
48
48
48
26
25
42
42
42
21
21
21
21
9
23
23
23
35
15
16
31
6
46
6
6
50
35
35
15
17
17
37
37
37
37
12
12
12
23
16
1
1
1
45
38
16
16
34
34
36
36
36
36
36
36
1
1
1
16
16
44
44
49
