41
41
12
16
16
45
45
45
45
45
45
45
45
9
9
9
45
42
39
39
39
39
39
36
36
45
45
37
19
35
23
23
23
23
23
23
23
23
23
23
23
13
38
38
21
21
21
36
34
35
35
35
35
34
12
12
12
12
43
44
29
29
29
29
16
11
11
11
35
35
46
46
46
46
35
35
47
48
50
50
50
42
42
7
7
32
32
32
32
24
37
47
10
10
13
13
32
32
36
39
39
39
34
41
41
41
2
35
48
48
28
50
49
37
45
41
11
1
1
50
36
45
45
7
7
7
39
38
38
38
38
38
32
32
31
21
21
21
29
30
30
4
13
13
13
41
26
26
26
26
26
42
42
42
42
42
42
11
10
10
25
25
25
25
37
25
25
25
47
6
36
36
36
36
36
36
36
36
36
22
34
34
35
31
15
42
36
9
9
49
42
24
19
19
22
37
3
3
3
3
26
2
