45
46
33
33
50
3
3
50
50
50
50
50
33
33
36
36
41
41
6
6
6
6
35
35
29
29
29
29
28
40
5
22
26
26
26
26
36
22
22
22
22
38
8
8
8
4
4
14
14
14
26
15
15
31
31
45
45
45
38
38
22
35
20
20
20
36
36
32
32
20
20
43
43
43
43
43
43
8
8
8
36
45
45
10
10
10
10
29
34
34
27
27
27
4
37
2
2
2
2
2
2
2
5
15
15
15
15
15
15
15
28
25
37
37
37
38
38
41
45
45
36
36
36
47
47
47
25
25
25
14
1
1
25
25
11
16
16
26
26
40
34
2
2
38
38
38
10
13
13
19
19
15
38
17
28
27
27
19
19
16
27
27
9
9
9
9
9
9
29
29
29
29
29
29
29
29
25
40
40
5
5
5
5
5
48
48
29
31
31
31
11
46
24
24
24
33
33
33
33
46
46
14
