37
46
43
7
30
30
29
29
20
20
25
10
47
47
47
47
7
46
46
2
2
10
19
19
19
3
32
32
32
32
15
20
20
20
32
31
31
12
23
24
24
24
24
24
24
44
4
4
44
14
14
14
35
35
35
35
4
4
4
45
9
9
9
6
30
30
26
19
42
41
41
11
11
39
40
40
40
40
40
24
24
49
45
42
42
44
44
33
45
13
13
23
13
13
13
13
13
47
21
29
29
48
48
6
5
5
50
35
13
6
6
20
6
33
49
49
6
33
21
21
21
47
47
50
50
50
21
21
21
2
2
40
27
7
45
45
50
50
50
50
37
37
37
39
49
37
25
25
21
21
21
21
20
5
13
13
2
3
3
3
28
28
28
38
38
38
44
44
34
34
34
38
11
33
17
17
17
17
6
5
4
4
4
4
11
11
11
34
25
13
13
13
13
15
9
7
12
7
7
44
44
44
