5
48
48
48
48
46
46
4
4
5
38
38
45
25
41
41
27
27
27
27
20
20
35
34
35
35
35
35
26
4
4
4
4
4
46
17
17
46
46
28
12
7
43
43
43
4
4
16
16
12
27
22
11
21
24
13
13
40
40
31
31
31
31
31
31
9
9
3
19
19
19
19
19
36
47
41
34
34
34
18
18
18
18
21
21
26
26
26
17
17
37
24
24
31
31
31
31
31
15
22
22
10
10
8
8
8
8
14
14
14
14
14
14
14
14
14
46
4
4
4
14
4
4
4
4
28
46
43
43
3
2
2
2
2
2
36
24
32
30
16
48
22
24
47
9
9
24
24
24
24
15
15
15
15
15
3
3
46
20
20
19
50
50
50
38
38
38
27
27
27
27
10
21
35
35
22
33
1
38
10
9
24
37
37
37
37
40
40
40
23
3
13
20
24
24
24
22
22
39
45
36
36
