29
50
19
28
28
28
28
7
7
7
34
34
13
19
21
8
8
8
8
8
8
24
46
46
47
47
47
15
43
49
17
18
18
41
8
8
8
43
39
44
49
49
21
15
18
17
29
43
43
43
43
12
12
27
27
27
8
27
27
20
20
20
20
19
28
28
28
15
15
15
15
47
22
42
35
35
34
37
17
6
41
41
45
45
8
8
8
26
26
26
29
16
33
33
34
34
34
34
40
38
31
31
43
2
2
41
9
9
9
9
9
9
9
9
10
39
39
50
50
41
28
28
28
17
17
17
17
39
39
20
43
42
42
16
15
15
15
15
1
1
48
48
48
48
48
19
19
21
1
1
1
46
50
50
5
5
5
5
5
5
5
45
34
34
29
9
9
49
10
10
18
43
43
26
49
49
49
10
10
19
10
10
29
17
17
11
5
43
43
40
36
36
36
36
49
45
46
38
38
25
6
28
