50
50
50
40
40
40
40
40
1
8
25
31
13
13
13
13
13
14
14
14
14
14
40
40
41
41
10
10
5
5
5
33
34
34
34
33
15
15
15
8
8
8
32
32
7
13
13
13
3
3
34
34
8
37
31
31
41
41
41
36
36
47
33
37
37
11
36
48
36
36
36
36
36
46
22
41
4
4
4
4
12
8
8
50
18
10
26
4
17
17
18
7
4
4
20
25
11
11
11
46
11
14
10
10
10
40
40
46
46
3
3
3
3
3
3
23
23
23
15
40
40
40
15
15
32
17
17
17
8
8
8
36
42
42
50
50
44
44
48
5
8
8
8
8
4
4
4
4
34
34
34
30
32
10
16
34
2
2
2
14
20
12
12
12
12
27
27
3
3
25
17
24
27
27
45
16
16
32
32
32
32
4
4
41
31
15
6
6
37
30
45
30
30
15
39
7
7
9
50
34
34
42
