39
39
39
39
23
23
19
19
19
19
19
19
19
3
3
3
14
14
14
36
36
36
36
19
19
19
39
30
30
17
50
50
50
42
25
25
1
33
26
26
26
33
2
22
22
27
27
3
7
7
34
23
23
7
7
7
7
26
26
26
26
19
19
19
19
19
39
39
39
35
29
9
9
9
31
1
1
1
1
1
21
14
14
3
36
26
23
23
47
47
47
47
47
41
41
16
16
16
16
48
38
38
43
7
31
12
12
3
17
4
6
6
19
45
45
25
25
17
17
17
7
15
18
18
18
42
42
42
42
27
27
26
26
16
16
42
48
33
33
20
20
20
20
24
24
3
3
3
3
4
37
37
37
28
28
7
47
47
47
43
43
43
6
23
48
14
14
41
45
13
13
23
10
6
6
6
6
6
36
36
7
7
9
49
49
20
18
18
18
18
18
44
32
32
32
11
11
14
14
38
30
30
