11
11
11
24
13
13
5
38
9
9
9
35
35
35
20
20
20
5
5
5
39
40
40
40
40
40
20
20
13
13
37
12
12
12
7
44
34
34
34
34
34
25
23
23
23
25
25
40
29
25
13
13
23
20
20
20
45
48
45
45
45
22
22
34
1
11
11
36
40
40
49
2
48
39
39
39
35
26
26
17
24
24
24
24
24
24
24
11
11
11
11
11
23
23
49
6
6
6
31
16
24
30
30
35
35
40
19
19
19
13
23
8
8
48
48
26
26
26
19
19
19
31
47
20
20
24
24
44
44
40
8
8
44
44
49
49
41
41
41
41
41
41
8
8
27
8
22
31
11
11
15
5
5
5
40
40
40
21
21
21
21
21
21
6
6
40
12
32
32
32
30
8
41
24
20
14
38
38
41
41
41
35
35
35
17
44
44
44
44
39
39
8
8
31
46
46
46
16
17
20
20
3
