6
39
6
4
30
29
21
25
10
10
10
10
10
40
40
40
40
39
20
7
23
23
20
20
2
2
34
34
7
14
14
9
21
23
23
23
35
45
45
45
25
50
50
50
50
28
28
28
9
44
44
44
26
39
39
24
24
24
16
16
16
26
38
38
38
38
43
43
43
33
11
28
28
28
28
28
28
48
31
31
31
31
31
31
11
20
45
14
7
7
46
25
6
23
44
20
48
48
38
38
38
48
27
27
27
5
5
5
5
48
12
16
34
29
29
41
41
41
35
35
35
35
10
26
39
39
39
39
13
13
33
24
40
40
11
11
11
45
18
18
22
22
22
28
28
28
33
33
33
8
8
8
3
3
16
16
16
12
12
12
47
47
47
9
9
9
13
13
13
13
23
22
29
29
6
6
6
6
35
35
30
30
50
34
34
34
31
16
46
46
50
17
17
50
32
32
32
32
28
28
22
22
