11
20
20
20
20
28
18
18
18
18
18
41
16
39
45
36
19
19
19
32
9
9
49
50
50
27
50
50
50
35
42
27
35
46
48
48
38
40
40
40
40
40
42
33
1
1
9
9
9
29
29
29
29
16
23
23
9
9
9
9
8
8
8
32
32
41
40
40
40
15
15
14
41
41
41
2
40
40
40
40
40
40
40
40
40
11
31
31
31
31
31
31
31
31
31
4
4
39
39
39
45
45
45
45
9
9
39
39
39
6
6
31
31
31
31
35
5
5
5
5
38
38
46
5
47
50
50
50
50
50
48
48
50
33
10
36
36
8
8
2
7
7
41
24
36
20
1
1
1
35
35
35
20
34
34
28
15
12
12
12
12
11
11
6
6
45
45
45
45
45
45
45
45
20
30
30
27
27
38
38
24
26
26
26
26
25
25
25
25
7
34
34
34
34
34
34
34
34
34
39
39
34
