19
19
19
11
11
11
11
43
4
4
45
45
31
8
4
42
42
9
27
34
34
40
40
40
40
48
48
48
48
43
43
10
3
3
50
14
14
14
14
14
14
19
19
19
19
19
19
35
35
35
11
11
11
11
11
38
38
38
40
40
33
13
1
1
6
6
36
25
27
27
27
27
27
8
7
7
7
6
29
13
13
13
13
13
13
13
13
13
24
43
43
29
29
29
42
24
24
24
24
24
50
50
2
2
7
7
7
17
17
17
22
22
22
22
22
5
14
13
21
21
21
21
26
26
26
26
43
43
43
43
50
37
37
16
16
16
16
16
16
24
24
37
2
2
20
43
24
24
25
25
25
6
6
42
42
42
42
42
2
48
48
48
36
30
42
42
42
42
42
42
42
42
11
11
10
10
10
26
26
13
13
13
5
5
13
16
16
25
25
38
38
5
36
19
50
33
30
30
41
41
41
41
