21
29
29
47
47
21
21
26
45
33
33
12
30
30
16
37
37
47
47
36
36
36
36
36
36
23
43
43
43
3
17
17
17
25
25
25
28
28
28
33
33
33
47
47
21
21
8
8
8
8
8
8
26
42
42
42
46
46
46
33
11
1
1
8
46
39
39
39
12
12
12
12
12
12
32
24
11
30
30
30
30
21
30
31
8
47
47
47
47
15
15
15
12
34
34
34
34
1
1
1
37
13
18
18
28
28
28
37
37
37
18
18
45
45
45
45
26
26
26
26
26
1
1
1
1
1
1
1
1
1
1
39
39
39
39
17
17
4
4
18
43
43
43
4
31
31
31
30
30
23
23
31
31
31
48
48
46
25
25
25
25
48
32
12
12
45
11
8
8
38
33
33
33
33
33
33
6
17
12
48
43
24
29
29
29
8
16
36
36
36
15
34
34
34
19
19
49
49
22
35
10
10
