33
14
20
20
14
17
21
16
9
47
21
36
49
49
49
32
32
32
12
16
5
40
40
11
11
37
6
6
6
6
35
37
37
7
7
27
27
27
27
49
24
24
41
41
15
37
37
37
15
15
15
15
15
11
38
21
21
25
19
19
19
17
19
19
25
25
33
25
39
39
13
36
23
7
20
20
20
20
20
6
7
7
7
7
7
41
41
41
41
41
13
13
13
28
28
28
5
5
32
32
5
5
26
26
17
17
17
45
50
50
50
50
35
8
24
31
31
26
26
48
10
10
10
10
30
30
42
42
26
11
11
19
19
19
1
23
23
14
14
14
14
14
17
17
41
41
21
21
21
21
21
21
49
48
48
48
48
31
31
11
11
24
35
35
5
25
15
44
44
41
41
41
35
6
6
6
44
34
34
42
42
42
19
19
8
24
36
27
27
4
45
44
18
18
10
44
44
44
44
36
46
38
