41
41
41
49
29
29
12
12
7
7
7
7
7
7
7
7
7
7
47
10
30
46
46
46
45
47
47
47
47
47
15
48
31
31
25
25
25
25
2
2
38
4
19
19
19
46
46
46
46
45
45
11
7
23
40
40
40
40
40
9
38
38
38
38
38
38
25
4
46
46
38
43
43
24
5
5
38
38
5
5
5
5
19
19
19
19
19
34
15
15
15
15
25
10
14
14
1
1
16
4
50
50
50
45
19
40
26
26
47
47
47
3
3
38
16
41
50
50
50
50
50
22
3
3
3
17
17
23
41
41
15
17
14
14
14
4
4
43
45
27
26
4
31
31
31
31
31
31
30
24
24
28
23
23
23
23
42
42
42
7
28
28
50
32
35
28
28
39
31
31
31
31
41
13
8
8
43
14
14
23
23
12
12
12
12
1
43
12
24
13
13
49
40
40
19
38
38
43
39
39
42
42
