20
20
46
50
50
19
19
19
19
19
13
13
32
2
6
6
41
41
7
16
23
3
3
3
12
10
22
28
23
23
23
23
23
23
17
17
2
2
2
2
2
29
38
22
34
23
23
23
17
16
2
2
2
21
24
44
44
25
25
6
30
45
45
45
33
50
17
26
14
14
35
35
35
8
39
41
41
43
43
43
44
44
44
44
32
32
7
7
7
7
7
7
7
7
7
7
7
7
18
18
45
45
45
45
45
46
18
18
18
33
33
33
33
33
33
33
33
33
35
35
35
35
14
30
30
18
6
6
6
6
6
15
15
15
49
49
16
15
15
24
24
33
33
33
33
33
24
24
24
24
13
20
32
7
6
4
17
25
25
7
21
21
21
34
48
41
41
41
41
41
18
18
48
49
47
47
35
31
31
23
23
23
15
30
15
33
33
33
4
23
23
23
18
33
33
33
33
33
33
37
37
39
