11
9
9
6
19
12
29
29
41
41
37
37
45
45
45
50
30
47
47
15
15
15
15
8
45
45
45
45
36
38
32
27
27
27
27
27
27
43
43
43
43
43
21
21
21
41
35
35
6
6
6
38
38
38
38
45
45
45
45
45
45
9
9
47
47
47
23
45
13
32
32
32
32
45
45
15
15
15
15
19
19
36
36
2
25
1
40
40
40
19
49
49
49
34
34
36
6
39
39
39
39
45
45
18
18
22
22
22
22
22
37
22
22
9
42
36
36
19
19
19
19
19
4
10
10
39
39
39
7
7
7
7
7
7
7
7
17
50
50
18
18
18
40
6
6
28
29
29
29
14
19
30
30
30
22
31
31
7
42
42
42
42
40
40
40
40
45
45
45
46
46
46
46
37
37
37
19
38
38
38
28
28
28
28
27
31
31
22
47
1
1
14
45
40
40
3
19
19
19
19
8
8
