14
39
39
26
31
31
31
9
9
9
44
36
36
33
9
9
9
17
5
31
17
7
7
7
7
10
48
49
30
30
18
18
18
25
17
4
4
37
37
37
44
17
17
26
46
36
11
30
12
12
12
12
12
12
50
22
5
5
5
28
35
14
21
48
48
17
17
3
42
42
42
29
43
43
1
1
1
31
34
34
34
34
34
34
34
22
41
41
2
2
2
13
35
35
35
18
18
18
18
18
45
43
43
11
24
24
18
18
18
18
7
7
7
12
12
30
38
38
38
37
22
22
22
4
4
49
49
49
48
6
31
35
35
44
36
36
36
36
40
40
40
40
40
40
1
20
14
3
3
10
10
32
32
10
9
12
12
12
12
50
23
23
23
23
17
17
38
38
6
6
6
4
4
45
45
49
33
25
12
20
20
20
27
27
48
31
31
31
3
5
5
3
3
3
3
3
3
3
46
43
43
8
