28
28
28
28
21
46
46
46
21
21
22
47
47
22
22
17
17
17
2
39
6
43
43
43
43
5
4
4
23
23
3
47
47
12
23
23
44
4
43
43
9
40
32
32
32
32
16
36
22
22
22
22
22
6
24
47
47
33
33
33
44
44
44
11
11
11
25
25
50
38
38
34
31
31
31
26
26
26
20
20
39
39
39
44
30
30
30
30
10
3
29
47
47
47
31
31
33
7
7
16
16
16
34
34
34
41
41
32
25
44
40
40
40
7
7
7
7
7
7
7
22
26
26
26
10
10
10
10
10
48
48
13
21
23
38
39
42
42
42
42
42
42
42
22
22
22
32
40
40
38
38
38
38
36
37
48
48
30
36
36
36
36
36
5
5
37
37
37
3
6
41
41
12
7
14
11
26
26
26
26
25
25
7
7
22
22
6
32
10
30
30
30
30
39
39
6
40
40
40
40
17
17
