25
25
44
28
28
28
28
8
8
36
8
8
8
16
16
16
16
16
16
20
14
32
32
20
44
20
31
7
7
42
42
47
6
2
21
21
38
38
38
38
33
34
12
12
37
37
37
28
44
44
20
10
10
10
10
10
28
28
28
28
28
14
14
14
2
17
34
34
34
21
28
9
44
44
44
35
28
28
28
5
21
31
25
10
31
31
10
10
10
36
19
19
13
13
13
14
6
6
17
31
31
28
28
19
19
19
33
35
42
42
39
39
39
21
21
21
21
27
22
18
20
26
29
25
25
1
1
1
1
31
14
14
14
14
14
37
37
22
47
47
47
47
47
47
18
10
10
10
10
38
38
38
8
8
8
34
5
22
22
22
22
26
10
10
10
34
38
38
38
38
10
10
10
7
7
7
7
3
19
30
30
19
7
38
38
38
38
8
6
6
6
2
31
31
32
32
32
32
27
27
2
2
