18
18
46
46
24
1
1
1
1
1
5
1
17
17
48
21
21
21
21
21
21
21
20
43
43
43
44
44
32
32
43
43
43
29
29
1
20
47
47
6
6
26
26
40
45
45
45
45
46
36
36
36
36
23
23
49
1
42
42
42
42
42
42
42
4
31
31
32
32
11
36
36
11
11
3
8
15
42
6
45
41
41
41
17
41
41
41
41
41
5
15
15
15
15
38
41
41
41
41
41
2
13
13
22
22
5
5
4
4
46
18
42
47
39
39
39
39
39
39
49
49
49
49
49
49
49
38
23
23
48
48
20
22
22
22
19
41
43
43
31
35
50
50
7
14
14
5
5
5
5
5
5
5
5
5
20
8
43
26
26
26
26
26
47
47
7
7
7
7
7
7
43
8
8
15
43
1
1
1
1
1
1
44
44
41
41
41
41
2
2
21
21
21
21
41
41
6
9
9
9
9
9
