36
25
19
24
24
45
45
45
45
45
29
28
21
21
21
21
5
5
25
21
27
27
8
8
31
31
31
15
15
25
27
27
27
11
11
19
15
16
16
25
25
50
44
13
9
9
18
18
49
49
49
49
33
33
41
28
25
38
38
24
24
31
31
31
21
21
21
21
21
16
28
28
28
26
26
44
44
1
1
9
9
22
22
28
28
28
28
38
38
38
15
15
9
9
35
35
35
35
35
36
36
12
12
12
12
13
13
13
13
36
36
36
26
26
26
48
47
47
38
38
42
10
31
31
31
10
5
47
27
15
15
15
31
31
31
32
30
30
21
16
16
16
16
16
16
26
37
17
5
35
35
35
35
12
12
12
12
12
49
6
6
40
16
16
42
10
19
4
4
4
42
42
42
42
29
20
8
8
8
8
8
8
8
8
5
5
18
18
18
16
15
29
37
37
37
25
30
12
30
30
30
17
