1
41
41
41
39
39
39
25
25
14
14
47
47
33
33
33
33
33
30
33
46
46
30
7
7
7
4
5
46
46
40
41
16
16
49
40
40
1
14
14
44
44
44
44
50
50
50
24
24
24
24
47
47
47
47
3
3
5
5
5
26
26
26
26
31
31
31
31
20
40
20
20
11
11
11
11
32
32
32
32
32
32
24
24
4
4
4
4
31
31
31
2
17
17
30
19
19
9
18
25
23
23
48
50
1
49
49
33
46
46
13
7
7
11
11
15
15
32
32
32
32
32
32
32
33
33
29
19
19
25
25
25
13
13
12
13
13
13
28
28
37
18
45
21
36
1
1
39
16
16
16
16
11
11
19
19
19
36
46
46
27
47
47
47
8
8
7
7
22
12
12
8
8
8
38
38
38
38
38
42
42
42
42
42
19
32
32
21
45
39
37
20
20
20
20
38
27
10
10
11
11
11
