9
9
9
45
45
45
45
36
23
23
40
31
31
31
4
25
16
4
48
14
28
49
28
28
28
25
25
8
8
36
42
7
7
7
27
27
27
27
27
27
27
27
27
27
14
32
9
9
9
29
3
3
21
29
22
10
10
10
10
8
8
8
13
45
30
36
36
12
19
43
1
16
16
24
24
9
33
29
38
1
26
3
3
3
3
3
48
48
48
48
48
48
43
43
43
25
25
25
21
21
27
35
8
43
43
16
25
24
24
24
24
24
3
3
22
46
14
10
27
27
27
27
10
10
17
6
6
6
6
38
38
38
43
43
43
43
43
4
1
7
16
5
5
5
5
21
45
15
15
15
15
44
12
12
29
29
20
20
37
37
18
19
19
19
19
32
32
22
29
29
7
7
7
22
22
22
32
5
5
3
2
32
32
27
27
11
11
7
20
16
16
49
23
23
23
23
17
17
14
14
14
4
