3
3
28
28
28
28
11
11
11
48
48
7
38
13
4
14
14
11
37
37
37
37
37
2
2
2
2
2
14
14
14
14
45
26
26
26
26
48
48
8
13
9
1
41
34
34
34
34
34
50
50
16
16
49
13
13
13
13
33
28
12
20
20
23
23
44
44
44
44
44
24
24
16
16
24
29
6
22
46
31
19
19
19
30
30
27
27
27
32
32
32
32
32
32
32
43
40
1
30
30
47
47
42
19
19
19
43
43
43
10
44
44
34
34
34
34
8
23
9
9
41
41
41
41
42
32
24
23
23
13
32
7
7
7
30
30
30
30
30
30
30
42
12
40
40
40
23
23
23
23
23
23
22
6
6
6
23
30
37
25
25
25
25
25
41
41
38
37
37
4
38
38
38
9
36
36
34
34
22
22
22
22
22
12
28
26
29
29
32
15
15
15
50
5
26
38
48
39
39
39
39
6
