3
3
3
4
4
34
34
46
46
45
45
19
44
9
30
38
38
38
41
41
20
20
20
50
50
22
22
22
22
22
15
15
15
15
30
20
20
20
20
20
20
20
5
24
42
42
42
9
9
5
22
33
14
14
14
19
19
19
19
42
19
1
28
28
41
41
41
41
41
41
41
18
18
18
18
32
30
30
35
35
35
35
31
31
31
33
33
33
33
8
32
42
11
22
22
7
7
7
39
19
19
3
29
29
41
41
29
39
48
48
29
29
29
29
31
31
8
8
8
30
47
47
47
21
19
19
19
19
38
38
7
5
5
5
9
39
39
26
46
15
15
44
32
32
32
32
32
43
8
8
28
28
28
24
32
43
43
30
30
44
27
18
47
47
47
8
8
8
8
19
29
29
29
29
29
45
15
15
15
15
15
15
15
40
40
9
9
9
9
9
26
26
39
19
19
33
11
26
23
23
40
40
