26
9
9
27
42
32
2
2
44
22
3
3
16
16
45
45
42
42
27
36
36
36
6
6
6
6
29
20
18
18
18
18
18
18
25
25
25
25
25
25
25
25
48
48
48
10
28
44
49
26
8
1
18
27
27
16
28
25
25
46
46
26
37
25
25
45
45
45
45
45
45
27
50
22
22
38
38
31
20
33
40
40
40
43
38
12
16
16
49
13
13
13
13
13
13
13
13
35
35
35
12
21
5
5
5
5
43
43
43
15
15
15
48
7
14
14
29
35
5
20
48
48
42
30
20
25
25
25
46
44
44
44
44
1
1
31
31
44
22
22
22
29
29
29
30
11
11
44
44
44
44
10
10
10
10
10
10
50
50
23
23
18
18
22
2
43
43
43
43
43
27
27
31
21
2
2
2
2
2
2
29
48
48
31
3
25
32
32
32
36
32
42
42
47
47
47
17
7
7
7
49
17
