45
11
11
11
11
30
30
30
9
9
9
9
37
39
39
39
23
12
12
12
46
17
21
21
30
30
30
37
2
2
43
43
43
27
27
27
12
12
44
44
44
44
44
5
5
7
7
21
24
24
24
48
48
48
48
48
26
26
9
9
11
11
11
11
11
11
6
6
19
3
3
41
41
42
42
3
3
3
26
26
26
26
16
23
23
4
4
8
5
5
5
5
5
5
12
12
12
15
15
2
22
48
48
48
6
6
6
6
27
39
37
37
37
20
20
20
20
39
39
39
39
39
39
39
26
26
26
25
7
7
42
42
42
42
42
30
34
34
19
31
6
6
6
6
24
40
5
5
15
2
23
23
28
28
28
28
28
14
14
14
5
22
22
24
1
34
15
15
15
45
18
18
18
14
14
17
17
34
10
10
10
10
10
50
50
50
13
13
10
42
42
42
19
19
21
33
47
17
38
38
38
48
