49
49
25
25
25
25
25
34
34
44
48
29
10
30
30
30
30
4
4
38
38
42
17
17
17
46
46
46
36
36
36
22
13
39
39
18
4
4
18
10
34
3
45
8
8
8
8
8
26
26
1
6
17
24
49
13
13
13
2
2
22
22
22
22
25
18
39
22
48
48
48
48
35
35
16
16
39
39
39
35
35
35
34
34
18
28
28
28
25
1
16
16
16
16
28
28
28
18
18
18
18
18
45
14
3
3
11
44
44
44
44
16
16
16
16
20
31
28
28
28
28
28
28
45
8
8
34
30
38
44
44
44
40
40
46
19
13
13
13
13
13
9
9
46
19
9
29
25
9
14
9
18
10
21
21
48
48
48
5
50
50
22
12
12
12
12
12
12
12
25
25
25
25
25
25
4
4
4
4
4
4
46
46
14
14
14
34
11
11
11
11
11
11
11
46
46
46
24
24
6
6
6
