42
23
22
37
37
26
35
12
12
12
12
24
50
50
37
37
37
37
37
23
18
18
7
29
9
9
41
41
27
27
38
38
11
11
34
34
34
34
34
34
13
13
13
13
25
11
11
49
24
40
23
23
23
47
47
47
11
11
12
17
37
37
41
41
17
17
17
19
1
1
1
1
1
1
50
15
15
5
5
13
13
25
7
12
12
22
50
10
19
19
50
50
40
40
40
44
44
38
38
5
6
36
39
39
39
44
44
13
13
13
44
44
44
44
44
39
49
49
14
14
14
14
14
10
10
32
32
46
46
36
22
22
22
22
32
32
34
13
13
29
29
29
45
10
10
12
12
41
41
5
23
44
44
44
44
25
7
5
5
5
5
5
16
18
10
39
5
5
5
4
17
42
42
42
32
32
32
36
36
4
8
38
38
38
38
38
16
16
16
16
31
31
40
39
39
39
26
31
31
43
43
27
