36
36
5
5
16
24
38
38
38
38
38
23
41
41
41
37
37
19
31
31
31
31
17
17
48
6
6
35
35
35
35
37
37
37
37
37
37
3
3
3
3
3
4
33
36
36
36
21
21
35
35
39
39
39
39
39
47
21
4
4
4
18
27
27
30
30
30
38
38
38
44
31
35
35
44
44
44
49
31
6
6
6
6
39
39
36
36
39
39
39
39
12
12
12
12
12
38
16
16
38
37
30
25
25
25
25
17
17
17
14
46
14
3
21
21
21
45
39
33
33
19
31
31
31
28
28
28
4
4
4
4
4
9
9
32
32
6
35
34
27
27
35
48
16
16
44
44
7
42
24
24
24
46
26
37
37
9
9
46
33
33
33
33
33
33
33
33
33
30
29
38
42
42
17
17
13
17
17
45
45
45
32
32
32
12
40
4
21
20
20
5
32
32
50
29
5
5
4
9
33
8
8
