50
36
36
47
19
50
11
35
2
2
46
39
39
4
16
16
3
3
1
1
40
31
31
37
41
41
41
41
41
41
1
1
1
44
44
17
17
17
17
9
9
9
9
9
9
1
1
1
41
41
7
7
7
23
9
13
13
17
17
41
41
41
41
27
27
4
4
4
4
2
2
6
20
27
3
35
21
9
18
15
17
21
20
20
19
19
19
47
47
47
47
47
6
6
29
29
29
29
29
10
43
27
21
21
21
21
21
21
36
36
43
26
26
26
20
20
40
10
44
31
31
31
31
45
45
27
18
16
16
34
34
34
6
6
6
7
7
42
36
11
50
50
29
18
31
31
31
31
31
31
31
25
13
47
47
47
47
47
46
46
32
43
43
31
3
23
14
14
14
34
34
8
8
14
4
4
4
4
4
4
4
32
15
15
22
18
18
18
23
23
22
22
22
26
26
26
2
18
18
40
43
43
