27
27
42
41
26
26
26
14
18
12
33
46
46
46
26
26
26
26
10
23
23
23
23
19
19
19
32
44
44
44
44
43
43
39
39
8
4
4
4
4
4
4
4
13
10
42
6
14
42
42
43
29
29
44
44
44
44
44
40
48
10
21
22
48
48
48
48
45
45
50
11
11
22
28
28
22
22
34
45
40
40
40
47
20
33
22
22
36
42
42
42
39
39
8
24
24
20
20
11
25
25
25
40
4
43
4
3
26
26
26
31
31
31
42
20
20
31
45
27
47
47
47
27
22
22
44
46
14
50
30
30
30
30
37
37
37
17
1
1
1
1
1
23
17
17
17
17
17
28
27
27
27
27
7
7
7
7
46
31
31
16
16
16
16
22
22
22
2
5
26
26
6
45
45
45
45
45
5
5
28
4
20
5
19
11
11
28
28
28
14
7
7
41
5
42
27
27
27
27
27
27
27
