6
6
28
28
45
5
2
9
9
9
6
6
8
22
22
22
22
21
21
40
7
7
7
4
15
37
18
18
18
18
18
16
16
24
31
31
31
31
31
31
39
39
39
39
36
13
5
5
5
5
14
13
13
22
4
23
23
23
23
19
5
5
5
14
14
14
44
44
19
19
29
29
29
1
1
1
1
1
1
1
1
1
27
27
27
27
27
31
31
28
22
1
12
13
13
6
50
39
39
39
12
36
32
38
38
38
38
50
50
50
19
1
1
15
13
13
13
18
36
3
3
31
1
46
2
2
2
32
25
44
44
43
43
8
8
8
8
33
33
38
38
36
22
41
41
16
30
30
10
10
10
10
10
10
28
4
4
4
27
27
27
43
7
7
19
19
19
19
23
23
23
23
20
3
3
3
43
43
43
43
43
43
43
50
11
29
29
29
29
19
5
5
5
5
5
23
45
45
45
28
31
31
