33
33
22
23
11
11
11
11
49
49
28
28
8
8
8
8
8
8
40
45
45
45
11
11
11
5
5
50
17
17
44
33
33
3
22
22
33
12
43
43
2
39
12
29
16
16
16
16
16
16
28
28
28
28
28
28
27
27
40
4
11
43
43
43
43
43
43
43
43
43
43
43
6
35
4
4
2
37
46
46
46
46
46
46
30
40
36
11
8
17
17
17
17
30
30
1
42
42
7
50
50
50
50
13
34
14
29
18
10
10
10
10
10
10
16
43
43
43
43
40
40
30
30
27
1
1
14
14
14
10
26
26
3
45
42
25
25
42
42
19
7
7
7
7
3
1
1
40
8
24
27
23
31
31
39
39
23
40
40
8
8
16
16
16
6
6
6
6
49
44
30
30
30
9
10
10
24
24
47
32
32
45
45
43
15
29
29
29
29
41
41
41
14
14
11
2
19
11
35
35
35
35
