14
25
35
20
20
33
33
40
40
49
43
7
7
7
7
7
7
7
7
7
24
25
25
25
33
29
29
29
34
37
38
31
43
43
43
17
17
5
5
36
44
44
28
45
45
45
45
24
24
24
26
46
12
12
32
23
23
23
14
14
22
22
4
30
10
10
25
37
37
37
48
23
43
7
7
7
7
7
40
40
40
32
10
10
10
10
47
47
6
37
37
49
49
35
11
11
14
14
5
5
5
5
5
5
34
34
34
27
27
28
38
38
38
38
8
17
26
15
15
19
19
19
19
36
23
23
25
40
32
36
36
36
28
28
20
20
44
37
37
13
13
38
10
17
17
17
17
17
38
38
36
36
1
1
1
42
42
38
31
31
39
39
49
12
12
12
4
44
2
19
5
40
40
40
14
14
14
14
14
14
14
47
32
3
16
16
16
16
16
5
5
5
5
5
5
5
5
5
5
4
28
28
