23
23
25
25
32
32
27
27
27
24
24
24
34
34
34
34
34
49
17
18
18
22
46
47
39
39
10
10
10
10
10
4
12
17
10
10
47
31
50
16
50
50
3
3
36
36
36
24
28
7
30
30
30
30
30
21
21
3
3
33
33
33
3
3
3
9
9
9
11
11
37
25
26
44
44
44
44
44
48
23
32
50
38
38
34
32
47
10
10
28
28
32
49
49
49
46
46
42
5
5
5
5
30
45
45
45
45
33
12
12
50
33
1
1
9
3
3
27
27
25
25
25
50
11
11
11
11
47
47
47
24
8
14
30
31
30
30
30
30
32
32
32
23
18
2
2
2
2
36
4
4
4
4
4
29
29
20
20
20
20
20
20
13
13
1
49
23
40
1
1
20
3
19
50
15
1
1
1
40
40
2
2
2
4
4
4
4
36
32
32
32
32
32
2
2
2
28
28
28
28
3
3
