42
42
42
42
42
42
31
31
31
16
16
37
34
34
34
34
12
12
35
13
13
13
13
13
2
44
38
29
43
43
43
34
44
9
9
44
10
10
10
10
20
20
16
2
2
2
2
6
14
9
19
34
40
5
29
29
49
49
2
26
39
43
43
48
48
4
14
5
5
5
5
5
44
20
14
14
14
42
42
42
46
49
7
7
46
46
2
2
42
31
3
3
3
44
42
1
1
28
28
28
24
24
24
7
9
41
44
49
49
49
49
49
49
33
12
12
44
44
42
42
18
4
2
11
11
11
11
24
26
26
10
10
10
10
10
46
49
49
19
19
5
5
16
41
42
3
39
2
23
23
23
23
42
11
11
11
11
11
11
50
50
50
18
15
24
24
48
24
24
40
40
40
40
29
29
9
40
40
40
6
6
6
33
33
19
19
19
19
1
1
4
4
4
4
38
38
13
23
23
33
26
26
