14
13
13
48
48
48
2
9
9
42
42
34
26
13
28
28
29
31
31
30
30
30
30
22
22
22
42
42
26
26
26
26
26
32
32
32
2
2
2
2
2
34
19
19
20
20
35
49
49
49
23
23
23
23
6
6
4
4
4
4
4
4
4
15
50
33
33
33
33
31
3
3
27
27
5
5
5
5
25
25
25
25
25
25
5
5
36
1
8
8
14
18
18
46
46
33
11
11
41
33
33
33
33
33
33
48
48
48
48
48
48
41
12
12
12
8
28
28
49
22
22
22
22
17
17
3
9
9
24
1
22
31
50
17
50
50
50
1
11
11
11
11
1
38
38
38
38
38
34
23
32
32
32
32
32
32
34
31
12
22
22
22
24
48
48
48
32
27
39
46
46
4
49
49
47
35
35
14
20
35
10
10
34
16
5
18
18
32
32
32
3
15
11
23
50
50
47
33
33
7
7
7
