26
49
49
49
6
6
6
13
13
13
45
1
7
27
37
24
1
1
7
46
46
42
42
33
33
33
33
10
10
14
2
2
22
21
21
12
12
12
38
37
21
21
3
15
15
7
7
7
7
7
11
11
11
11
11
37
6
6
22
22
22
22
22
18
18
47
47
36
36
22
22
15
15
15
26
6
6
12
47
47
15
15
15
20
20
47
47
47
36
30
30
30
42
46
46
16
16
16
49
49
38
39
10
10
7
32
32
33
33
3
32
45
46
46
46
9
9
9
9
12
47
47
47
47
9
9
1
1
12
12
16
33
35
35
35
35
35
35
29
14
32
32
32
32
21
21
21
21
21
21
13
13
49
45
45
45
32
10
10
44
44
44
7
7
7
47
44
14
14
14
7
7
15
15
15
15
10
10
10
10
3
3
3
17
17
3
20
20
20
49
45
41
47
20
20
20
20
20
48
48
45
45
