10
10
10
10
10
10
10
10
10
49
49
49
48
48
48
14
14
14
14
14
20
37
7
7
7
22
22
22
36
13
7
27
39
9
15
49
49
32
32
2
2
2
7
16
16
16
20
20
20
20
20
20
13
13
10
10
31
8
34
34
34
7
7
7
34
27
38
14
14
1
43
43
19
15
15
15
18
18
36
49
49
11
11
11
11
37
47
24
24
24
1
1
15
11
11
11
46
41
41
41
41
42
42
42
37
37
37
48
27
27
27
27
23
14
14
11
18
18
37
12
22
22
22
40
7
7
42
23
29
29
29
29
29
40
16
16
44
23
49
49
49
4
4
7
34
5
4
27
44
44
8
3
2
2
37
46
48
48
7
23
23
23
23
23
45
34
34
32
27
27
27
27
49
44
44
44
33
15
12
50
50
50
47
47
47
47
14
8
32
32
32
32
13
13
2
30
2
21
21
21
49
36
