39
31
41
41
42
42
42
42
19
19
40
6
6
47
47
47
34
14
14
14
42
38
24
24
24
24
24
21
21
21
15
9
30
30
30
30
30
30
6
6
6
6
45
45
45
45
10
10
10
3
3
23
23
39
13
13
13
13
13
50
50
43
26
26
9
9
35
2
2
2
2
17
17
15
15
15
2
41
41
41
41
41
25
25
25
25
25
35
8
8
8
22
22
22
22
19
19
19
14
41
50
43
49
49
49
49
27
14
14
25
25
25
33
31
2
2
24
39
44
44
44
44
29
29
29
29
18
18
18
23
23
27
4
17
17
6
31
35
35
30
30
30
30
16
48
48
14
14
34
43
43
43
11
11
11
23
8
48
48
34
34
34
34
46
48
48
28
22
22
22
48
40
40
40
49
27
27
1
1
1
34
38
40
40
40
40
21
15
15
17
17
17
17
22
22
13
13
13
13
11
1
39
