11
11
30
30
30
27
40
40
45
41
15
7
7
43
43
43
43
39
39
39
39
39
39
39
39
45
17
17
42
42
42
19
50
50
50
50
50
50
50
50
34
34
1
10
30
23
23
31
31
13
13
21
50
13
13
13
2
29
29
29
3
3
7
7
7
42
49
20
20
20
20
20
20
20
44
44
40
40
2
2
2
2
2
4
4
4
3
3
26
21
21
47
21
21
29
29
33
34
40
4
4
4
4
4
4
43
43
43
35
35
38
38
12
33
44
22
22
22
27
27
27
27
1
1
1
1
12
12
12
12
12
17
17
17
18
48
39
44
11
21
12
5
5
4
4
38
38
46
43
43
49
49
49
38
25
8
28
24
24
10
10
10
16
36
36
4
15
15
37
37
37
22
28
28
1
1
14
2
32
21
29
50
50
41
41
41
30
19
20
20
20
20
20
20
20
23
30
23
23
23
6
6
