44
25
25
42
19
5
48
48
48
48
48
48
48
48
35
7
29
29
29
29
29
29
29
1
26
26
36
36
35
49
21
21
21
13
14
14
14
14
27
27
3
41
16
16
16
16
16
16
16
16
46
50
50
7
8
31
31
15
15
15
16
23
23
39
32
32
32
38
29
35
35
35
35
35
35
35
22
22
22
8
8
9
12
1
1
1
1
1
33
33
4
11
35
13
36
36
45
49
25
42
42
42
42
24
13
30
30
30
30
30
4
4
4
4
37
18
18
7
32
45
45
45
45
45
45
45
45
8
8
8
8
7
7
7
12
12
9
38
19
32
10
10
15
18
18
25
25
48
45
45
50
50
50
50
50
4
4
8
1
1
13
13
13
13
13
41
41
19
22
30
11
11
11
5
5
24
47
47
47
47
47
34
34
12
12
34
34
34
34
50
1
13
8
25
25
25
25
37
2
41
35
8
