17
17
17
28
31
2
2
34
36
36
36
15
15
15
17
42
42
46
46
3
3
3
33
47
1
3
3
10
10
10
14
14
31
16
36
36
36
36
48
28
28
12
12
17
17
17
32
32
16
1
1
1
36
36
27
33
50
50
50
28
28
29
29
29
29
39
39
39
39
13
19
12
12
12
12
28
16
16
38
12
12
12
21
11
11
3
6
49
49
49
41
10
10
35
35
29
48
48
27
27
43
16
16
16
36
36
15
15
15
28
17
15
15
15
11
15
13
23
25
10
10
10
38
38
38
38
38
38
32
11
11
11
39
39
37
45
29
29
29
7
22
39
28
28
28
28
28
6
22
31
31
31
31
31
31
31
21
21
8
11
36
28
8
40
40
31
12
12
2
2
2
41
11
11
11
36
36
36
36
36
39
39
37
37
10
41
38
10
10
46
37
37
37
37
4
35
5
5
5
5
5
5
