27
27
35
22
22
9
9
10
25
25
17
17
44
44
44
40
40
4
42
48
37
37
41
18
18
18
18
5
8
23
23
23
23
23
39
39
39
39
39
39
39
39
17
7
3
22
47
47
50
29
17
31
36
36
36
36
46
42
5
5
5
50
46
8
46
33
33
33
41
48
33
33
33
14
27
27
27
27
26
40
40
34
34
34
37
37
37
37
37
33
33
33
41
25
8
8
8
20
49
28
30
30
30
30
30
12
12
49
49
49
49
49
14
29
12
13
20
16
48
48
48
48
28
24
50
50
50
21
21
29
29
1
1
1
2
20
20
12
12
36
36
36
30
46
46
46
28
17
10
10
10
10
10
15
19
19
19
19
21
40
40
40
40
40
21
21
21
26
26
29
29
5
25
25
25
22
47
47
47
20
13
49
12
12
12
49
49
12
39
7
7
7
7
12
3
3
3
3
33
33
48
45
