3
13
1
44
44
45
45
45
45
25
34
34
34
24
30
30
30
34
34
34
48
48
48
48
9
9
9
48
10
28
28
13
30
30
30
30
30
10
9
9
16
4
4
4
4
4
4
4
4
47
38
3
3
3
3
2
4
4
4
2
2
29
29
43
40
32
32
32
32
6
6
6
41
41
41
31
31
20
20
40
40
40
46
31
31
47
47
45
45
10
10
10
19
19
45
41
38
37
41
1
28
24
27
27
35
35
21
21
21
22
22
22
48
48
27
16
41
41
41
35
35
35
42
44
44
44
22
22
13
13
13
34
34
34
44
44
39
39
39
1
1
44
44
21
21
21
21
44
10
27
27
27
27
27
27
9
46
3
9
9
9
6
16
16
26
40
34
34
34
43
43
43
36
36
44
44
44
30
47
28
28
28
9
27
27
46
46
47
47
6
6
45
45
15
15
37
37
37
37
12
45
18
