47
47
6
6
6
41
41
41
41
21
21
21
6
6
2
2
2
15
15
15
15
15
15
9
34
13
13
26
2
2
2
8
40
40
40
26
26
20
29
25
25
25
50
34
48
21
21
50
50
3
3
3
31
31
31
41
41
30
30
26
29
29
29
15
17
17
36
36
36
36
36
23
33
33
6
6
6
6
6
3
3
3
3
15
15
15
15
15
15
23
23
23
23
26
26
26
26
33
33
33
33
33
33
33
33
32
5
2
2
2
28
25
25
5
5
5
5
5
17
17
36
36
36
36
36
36
49
49
49
41
32
11
11
32
39
1
22
24
24
24
24
4
15
15
21
21
8
40
40
40
49
44
14
14
14
46
27
27
27
27
25
25
24
24
24
24
34
40
40
33
33
16
7
7
15
34
34
34
34
34
48
5
41
31
31
31
26
26
26
26
16
9
9
9
20
21
40
40
10
10
10
42
