5
5
5
7
17
17
15
37
37
48
48
49
49
8
8
8
8
50
50
50
1
25
49
38
38
38
45
45
37
37
27
20
50
50
50
10
10
10
38
38
44
18
18
11
48
47
47
47
8
27
27
27
19
13
13
31
45
21
21
48
48
48
48
40
49
41
41
7
23
23
14
48
26
31
49
49
49
7
7
7
33
13
13
3
46
46
46
23
42
23
29
29
29
29
39
39
19
19
19
14
14
14
17
11
6
6
6
6
6
6
21
29
47
47
47
47
47
49
18
18
18
18
9
9
9
9
37
37
10
10
10
12
36
36
36
36
4
33
37
38
38
38
7
7
7
7
1
1
1
1
1
1
1
38
38
38
38
38
38
38
38
38
14
14
46
46
46
46
46
5
42
42
44
44
26
3
3
24
33
33
33
33
33
33
45
19
19
30
18
18
20
20
20
38
38
38
21
29
50
32
4
46
