4
33
12
12
12
12
12
16
16
16
16
16
30
30
28
28
28
32
32
32
41
41
4
12
29
29
29
41
41
32
8
8
20
20
46
46
18
18
49
43
39
39
39
13
13
13
13
18
39
20
43
24
39
39
11
11
25
25
25
25
38
38
47
47
33
8
47
47
10
10
10
10
42
20
17
26
26
41
41
17
35
43
43
43
43
43
37
37
24
17
17
17
17
17
17
17
17
17
17
17
17
11
11
47
47
41
29
29
20
28
28
24
19
19
41
41
41
41
41
41
41
32
21
21
3
15
13
13
13
38
38
38
11
11
2
38
17
17
41
41
41
8
8
26
26
37
37
37
37
37
3
3
48
48
4
4
18
18
18
45
45
45
15
15
15
15
14
46
10
19
19
19
24
43
32
28
13
49
49
49
49
49
31
31
45
35
15
15
15
14
25
25
24
24
24
24
27
47
17
39
39
22
