24
24
2
40
40
17
17
31
13
16
26
47
47
47
47
4
4
34
34
34
34
4
18
39
39
8
43
32
32
27
27
2
9
45
37
37
37
37
1
1
26
16
19
2
2
47
7
7
7
24
3
3
3
15
24
49
49
1
1
32
32
31
6
19
47
19
19
19
19
19
19
6
11
11
11
11
11
11
45
49
24
6
6
6
44
21
21
42
6
19
19
30
30
30
30
2
25
25
21
35
35
35
50
45
25
25
25
25
23
23
43
32
32
32
18
18
29
45
45
45
32
16
16
39
39
48
48
31
28
47
47
35
14
14
27
27
27
23
23
23
36
36
36
36
36
9
19
19
2
5
23
23
23
23
6
6
6
6
6
6
6
6
6
6
39
39
11
11
11
11
12
12
3
3
15
15
4
4
4
4
4
6
6
6
6
6
6
8
29
29
7
7
19
15
9
29
33
33
33
33
33
36
