32
40
40
40
40
40
40
17
17
9
9
9
7
28
7
13
13
7
28
18
18
18
18
18
40
6
6
6
34
34
32
22
22
38
38
28
28
28
28
28
33
33
28
48
43
3
3
23
23
28
1
1
1
1
1
1
1
1
37
31
38
38
25
25
38
19
19
19
26
26
26
2
2
24
31
31
38
7
2
2
2
41
41
42
47
47
39
39
5
5
32
42
19
19
49
49
49
49
3
3
3
34
34
6
6
6
24
24
38
41
41
41
41
5
5
5
5
5
37
34
34
37
37
8
26
11
16
16
16
16
38
40
26
24
24
24
23
9
9
42
42
4
4
22
22
23
2
2
41
41
19
6
35
33
33
42
12
12
18
18
49
49
49
4
4
4
7
7
6
12
4
4
20
20
20
20
14
14
14
14
14
13
13
29
22
48
48
48
30
30
8
30
32
31
38
38
34
43
22
22
22
8
