32
24
47
25
25
25
7
12
10
10
21
21
23
30
15
15
14
42
42
42
42
10
10
10
8
8
8
32
32
41
34
1
1
9
5
35
35
8
8
8
8
8
5
5
31
21
21
21
21
34
34
34
7
2
33
25
34
34
34
34
48
48
48
50
50
50
21
15
43
21
41
41
23
23
49
49
43
43
9
38
38
38
25
25
17
9
9
7
34
34
17
17
46
26
26
1
1
28
28
28
28
35
43
13
13
13
13
13
13
13
13
13
13
13
13
13
13
13
29
24
34
32
32
49
43
45
36
36
36
50
25
25
25
25
25
25
16
42
10
23
23
30
30
22
22
22
6
27
27
27
27
15
15
15
9
12
36
36
35
35
35
35
36
29
29
6
6
37
37
37
37
47
47
45
45
45
45
2
2
14
29
29
29
2
2
2
9
9
38
37
37
48
36
36
17
25
3
3
49
49
28
28
