16
45
37
14
14
14
39
22
22
22
35
40
47
47
10
10
10
33
33
30
30
30
29
29
29
33
33
33
33
25
46
35
35
10
10
30
27
27
27
40
13
13
13
33
18
22
25
25
25
25
10
46
3
3
3
21
21
42
42
42
17
17
30
14
14
14
11
18
33
33
33
17
18
18
5
5
1
1
1
1
1
17
10
9
7
29
29
29
29
29
29
47
47
36
28
41
50
44
44
28
28
28
28
28
49
49
18
18
18
16
40
40
40
40
40
46
22
22
2
44
44
50
50
22
20
41
41
22
22
22
22
44
35
20
20
20
20
20
43
43
33
33
33
33
33
33
8
8
18
19
36
39
13
13
13
13
13
12
12
12
11
37
37
37
22
42
11
36
36
34
34
20
20
32
25
12
12
12
17
18
2
2
2
29
29
29
18
41
44
44
44
44
13
33
41
50
50
23
23
28
36
45
