21
42
49
22
17
17
17
17
17
17
41
34
42
42
42
42
8
31
31
31
49
49
49
49
3
3
39
47
32
46
50
50
50
22
22
22
22
22
22
22
22
22
22
22
22
22
22
22
9
20
25
25
28
23
23
23
23
32
2
2
2
2
2
48
40
40
40
40
40
14
14
14
28
28
28
43
1
9
9
9
9
39
39
39
39
39
2
34
34
34
34
43
5
10
10
31
21
21
21
49
49
49
49
8
34
34
34
45
45
45
12
12
12
12
12
12
12
32
32
28
28
28
28
28
24
34
34
34
47
47
19
47
47
47
32
28
28
42
42
28
28
28
28
28
28
28
28
49
6
6
6
6
26
20
37
37
37
37
37
16
16
33
33
33
33
21
21
21
28
1
1
31
31
28
28
36
11
11
7
27
49
44
22
22
32
21
21
6
6
6
6
31
31
31
31
31
12
8
10
10
46
17
