14
43
27
36
36
34
28
28
45
36
19
3
3
3
3
3
3
13
29
29
40
32
48
48
48
32
43
43
43
42
42
42
3
3
35
13
18
18
31
31
31
15
15
15
15
22
22
50
16
16
16
16
47
47
42
42
42
47
47
47
20
20
20
20
37
37
31
10
37
37
48
21
26
26
26
26
16
16
16
12
49
49
49
49
49
49
49
14
14
47
47
15
27
27
17
47
43
43
43
15
46
12
1
1
30
16
16
16
16
13
3
3
3
3
3
3
3
16
33
8
39
46
46
1
10
10
24
18
18
18
18
14
14
1
3
39
42
11
11
44
13
12
29
29
34
25
27
27
27
30
20
20
15
37
12
33
33
33
12
12
12
12
1
1
16
16
16
21
23
23
28
45
45
25
25
16
16
26
14
14
10
10
10
10
4
42
5
34
22
22
22
50
50
27
29
17
11
23
23
23
23
20
