19
31
44
49
43
43
34
27
27
27
27
27
22
22
22
22
20
19
19
19
19
19
19
2
2
2
5
5
5
5
5
5
5
5
19
9
9
9
9
17
17
34
16
16
16
15
16
16
31
31
31
43
43
43
45
45
23
23
23
23
23
23
23
23
23
8
8
8
8
8
8
8
2
3
48
37
14
48
33
33
33
26
42
18
18
18
18
34
33
33
47
48
48
23
23
46
46
41
41
29
5
15
15
46
11
20
38
38
38
22
24
4
4
4
25
8
4
4
4
4
33
33
30
13
5
7
38
38
38
38
18
18
21
35
1
32
32
32
5
5
38
7
7
45
34
34
28
28
12
12
37
37
47
47
30
48
48
21
21
21
21
7
7
7
7
20
44
46
8
8
8
8
43
42
9
9
7
7
7
8
8
10
42
17
17
17
17
17
42
28
28
34
34
34
47
18
18
18
18
18
18
18
