21
24
41
35
41
2
2
16
16
22
22
22
22
22
16
13
42
42
3
8
18
26
18
18
18
18
19
19
48
48
48
36
31
31
49
49
24
24
24
5
26
19
19
9
9
17
17
31
38
23
5
5
5
5
38
38
45
5
48
48
48
48
48
48
48
48
48
48
48
1
1
38
38
30
16
16
16
29
29
20
17
17
17
42
14
5
25
25
16
16
16
16
15
15
15
8
22
27
27
7
7
23
41
27
16
27
27
38
38
28
28
35
35
36
32
7
31
31
16
2
34
34
34
29
30
30
31
31
32
45
47
38
41
41
40
31
31
31
31
31
47
47
46
46
50
50
32
32
32
32
32
43
37
37
37
37
37
37
37
37
37
39
39
39
39
39
39
38
16
16
13
12
12
12
12
24
24
41
31
31
6
5
29
32
32
32
5
22
22
22
22
16
17
17
28
28
30
2
2
2
2
45
