21
21
12
46
46
6
25
25
25
25
12
41
41
41
13
18
19
19
29
29
17
45
45
45
38
38
13
13
2
42
10
10
16
40
40
40
40
40
40
40
38
38
38
38
30
29
29
29
29
29
15
15
3
3
3
3
40
6
8
8
8
8
47
17
34
34
40
40
24
24
24
24
22
22
22
22
22
33
33
33
33
16
16
16
16
46
7
3
3
3
42
38
38
49
17
43
43
37
37
30
30
30
30
30
30
30
30
26
26
26
26
26
26
26
37
37
37
48
48
45
34
34
34
18
18
18
36
36
47
47
13
13
24
24
15
30
30
2
2
2
2
29
29
29
37
37
32
34
34
34
44
23
49
49
49
13
50
50
12
12
12
12
12
12
47
44
44
44
44
46
49
49
49
20
1
6
42
45
28
28
28
28
23
23
23
23
23
48
48
11
8
8
6
35
48
48
33
33
33
10
1
1
