35
48
35
35
35
42
39
48
44
38
38
23
45
45
7
50
49
29
11
11
11
11
37
37
31
6
6
6
6
37
43
40
40
40
24
24
43
43
11
11
11
11
25
25
23
23
23
32
32
26
2
2
3
21
21
22
22
22
22
35
49
31
18
18
31
31
31
25
25
22
22
22
44
41
41
23
23
23
8
8
23
4
33
37
37
37
37
37
12
12
32
27
27
27
22
22
42
37
37
37
37
22
22
22
42
42
35
28
47
47
14
14
40
33
35
45
31
14
14
1
1
1
32
32
32
32
28
28
28
28
9
9
9
9
45
17
17
17
20
20
5
5
5
18
18
26
9
6
6
6
7
6
14
16
7
45
46
46
50
50
15
15
17
10
4
4
4
4
4
2
4
7
7
38
43
43
43
8
24
30
30
37
37
37
37
37
14
14
2
2
44
44
44
48
48
10
10
10
9
9
9
19
