48
48
26
26
41
27
5
18
18
18
37
37
37
11
15
49
49
50
50
50
50
32
32
32
32
32
32
32
32
42
42
6
9
9
9
43
43
14
17
17
2
2
2
36
48
48
48
17
22
22
1
1
39
39
42
42
42
40
46
40
14
14
14
14
14
23
3
3
3
3
18
18
18
49
49
40
49
4
4
9
27
40
40
48
48
28
42
42
6
6
27
49
29
29
29
29
16
13
43
43
24
24
24
24
24
14
14
46
46
5
21
21
21
21
21
21
38
21
30
30
28
29
29
29
29
25
25
48
48
48
48
46
45
45
39
43
43
43
14
31
41
32
35
12
6
6
36
14
14
20
20
20
48
15
36
36
36
46
3
8
39
39
21
21
21
11
7
34
45
45
13
13
31
45
45
10
10
10
38
38
38
38
38
38
38
38
38
38
38
8
38
38
36
18
18
18
8
38
37
6
46
46
