44
37
37
17
46
25
18
25
25
1
26
8
8
20
45
45
45
38
38
47
47
47
34
13
13
13
3
3
9
9
9
9
9
9
30
4
46
38
38
38
20
20
20
20
29
29
49
49
27
1
1
1
1
16
16
9
9
9
9
9
17
17
17
41
41
8
8
8
8
8
8
8
46
46
46
21
17
17
17
21
21
44
33
48
48
31
27
27
4
4
4
49
49
23
38
29
29
26
22
38
38
31
8
30
30
30
21
32
30
1
1
48
48
34
34
34
40
25
1
20
10
17
17
31
31
41
31
31
31
45
45
35
13
13
13
33
33
33
33
36
36
36
36
39
39
2
40
25
32
32
5
5
5
5
10
10
48
48
48
48
18
31
31
31
22
40
45
34
17
17
17
9
36
44
30
47
17
17
17
11
11
11
37
3
3
14
14
14
14
14
14
28
33
35
33
23
23
21
48
48
15
15
