49
46
46
46
46
27
28
28
12
12
12
47
43
34
19
19
26
26
24
24
5
5
36
50
50
50
50
34
34
34
34
34
14
14
26
14
15
15
48
39
39
39
39
39
39
5
5
5
9
23
23
3
3
41
41
41
41
41
41
41
34
34
34
50
50
30
39
43
43
43
43
43
43
43
43
7
7
7
7
7
7
47
23
23
45
45
45
22
22
27
18
18
32
3
3
11
18
12
12
2
2
2
2
48
32
32
13
4
4
4
13
13
13
13
13
3
3
32
49
15
15
21
36
39
29
22
22
18
18
18
18
18
21
50
50
50
50
50
50
45
45
6
6
6
6
6
6
6
19
19
19
19
6
4
4
15
15
45
33
33
4
4
37
37
31
37
23
22
22
8
8
32
33
33
17
38
38
38
14
8
5
10
33
16
46
46
3
40
27
27
27
10
32
29
15
12
12
12
42
42
42
42
