28
5
26
7
7
44
44
44
44
44
47
47
47
47
47
17
17
33
1
30
43
43
43
43
43
5
41
42
31
31
14
14
14
18
45
8
8
29
41
17
17
17
17
21
21
21
21
21
14
14
27
28
28
21
21
45
45
47
47
47
25
25
25
32
29
29
29
20
21
19
25
48
40
44
44
24
24
24
24
24
31
31
40
40
27
42
16
4
17
17
17
22
28
28
14
14
14
3
3
3
3
27
27
20
20
45
2
2
12
12
12
12
12
18
35
35
35
20
20
20
20
20
21
21
10
39
47
47
47
47
47
47
11
20
42
42
42
13
26
50
14
44
15
15
14
44
44
16
42
7
7
50
50
22
29
29
29
17
9
48
48
48
9
44
44
44
44
4
4
13
40
20
20
20
20
20
31
31
31
31
31
12
19
45
45
45
5
5
5
34
30
3
28
28
32
37
8
22
2
2
2
2
