18
50
50
9
9
9
25
25
25
36
36
20
11
11
11
14
39
39
39
39
45
45
45
20
50
38
38
38
4
37
37
10
10
36
36
36
24
24
24
48
48
48
10
3
4
4
4
14
14
14
14
27
27
27
27
4
1
1
15
10
28
50
50
50
8
42
42
42
42
42
42
42
42
42
42
42
42
47
47
47
47
16
37
47
47
47
47
47
47
30
30
30
42
42
28
28
34
33
10
10
10
42
2
30
48
48
23
23
48
48
48
48
49
5
5
5
43
28
12
11
11
11
11
11
13
32
2
14
44
44
44
7
24
11
11
11
32
32
29
24
36
36
36
14
14
34
39
39
48
8
8
40
40
40
40
27
32
32
6
44
44
20
20
48
48
50
50
4
4
6
49
24
9
9
9
9
27
27
33
37
37
37
37
46
46
46
14
9
41
50
50
33
2
31
9
48
7
7
40
40
40
19
