24
24
12
50
1
1
13
1
29
32
29
29
29
29
29
4
4
4
4
13
10
34
34
20
20
42
18
18
46
46
46
7
7
2
2
2
30
30
30
30
30
30
30
30
30
43
21
21
21
26
29
29
27
27
17
17
17
26
43
43
43
1
29
36
36
36
36
36
36
36
1
1
27
27
27
27
27
27
27
9
17
17
8
8
46
16
16
21
21
21
8
8
44
12
12
12
12
12
43
22
49
49
20
20
20
20
20
34
34
50
8
36
36
9
44
44
4
5
5
16
16
2
2
12
24
18
18
18
44
44
44
23
23
47
47
47
33
18
7
7
7
4
49
13
13
33
6
21
10
10
10
10
43
34
34
34
5
5
34
34
20
20
20
25
14
32
32
37
19
33
33
33
39
39
8
1
1
47
46
7
7
7
22
28
28
28
28
28
28
28
36
36
36
48
37
37
25
25
4
30
30
9
