43
35
47
47
37
37
13
13
13
13
13
13
31
31
13
25
21
49
49
28
28
28
8
3
3
21
38
5
5
9
41
41
41
41
22
9
9
33
1
11
1
1
45
8
8
40
22
22
36
36
36
36
36
36
33
14
14
7
7
12
12
1
1
24
24
24
8
8
8
8
19
27
48
48
48
48
36
36
36
26
26
26
8
23
23
23
16
26
26
26
26
26
26
30
30
44
44
49
38
42
36
36
36
36
36
30
10
10
11
11
5
5
5
5
50
21
14
43
43
29
34
34
28
35
35
35
31
31
31
22
32
37
12
12
12
46
17
5
9
9
9
9
31
41
41
41
41
41
17
18
18
18
18
18
6
12
2
2
6
45
4
29
9
5
43
43
38
5
5
42
50
50
2
2
2
2
45
45
38
38
38
38
38
38
38
38
16
46
46
42
12
47
32
32
32
32
41
41
46
15
6
6
