49
38
38
37
15
15
32
32
32
32
32
32
19
19
19
19
19
19
42
42
10
10
46
46
36
36
36
6
6
6
22
38
38
46
37
37
34
34
35
3
3
46
10
10
27
27
38
20
20
20
20
48
48
48
29
29
29
48
48
14
11
11
11
15
39
39
41
4
4
4
26
26
26
26
26
33
32
46
44
44
8
8
8
8
8
8
17
18
18
18
37
11
47
14
12
12
36
36
22
22
22
48
19
19
39
25
25
25
25
36
14
2
39
25
25
11
11
11
11
11
40
40
40
40
40
3
3
3
3
3
15
15
15
38
38
38
38
38
38
38
38
38
38
38
38
36
36
16
27
16
40
40
37
37
39
39
39
39
39
39
39
39
50
50
43
22
22
22
22
45
40
38
38
38
26
11
42
24
19
12
45
12
12
18
18
1
1
1
1
40
43
13
25
34
16
10
10
26
26
26
43
43
