35
35
35
35
35
35
35
50
29
26
44
44
36
11
11
9
28
11
44
37
37
8
8
8
8
8
44
44
28
7
7
7
16
30
30
10
10
10
10
19
36
29
29
29
29
29
29
38
9
22
22
17
17
17
32
32
32
32
13
16
16
1
11
47
31
31
31
31
28
49
49
43
18
18
18
18
35
35
45
7
7
12
29
29
29
16
6
6
6
43
43
35
35
35
35
35
35
32
32
34
34
34
20
20
34
13
13
37
34
11
11
49
43
7
17
3
48
48
48
48
48
20
20
20
29
37
24
24
24
48
33
38
38
32
35
35
35
35
35
35
3
3
3
3
19
7
7
20
20
20
44
26
26
27
27
27
27
32
32
12
6
6
6
28
28
33
42
22
22
22
3
2
2
2
2
31
18
24
8
40
45
37
33
33
33
33
35
35
7
7
7
7
7
7
10
37
45
45
45
6
6
30
