20
20
20
24
8
8
34
34
34
34
34
49
49
9
9
7
7
49
49
49
1
1
7
7
7
7
7
7
10
10
10
10
10
8
8
8
10
9
28
28
39
39
39
5
5
5
5
5
5
5
5
26
8
8
7
7
7
46
46
46
9
9
6
6
6
32
32
32
32
50
13
33
33
33
15
16
38
22
33
24
24
24
36
22
4
14
18
18
6
6
5
30
30
9
9
30
42
42
42
49
3
3
9
9
9
9
48
48
48
3
3
3
3
17
17
11
11
29
35
35
35
32
46
15
15
15
14
14
27
50
50
42
39
10
50
35
42
42
42
42
42
42
31
31
31
31
26
26
26
38
40
40
40
5
5
29
29
29
12
12
12
12
12
35
22
39
39
20
20
39
40
30
30
30
5
40
17
20
20
20
32
27
42
30
30
7
7
15
15
17
17
14
14
14
31
7
10
33
33
4
14
14
