28
3
46
46
46
46
15
15
15
33
33
33
33
33
8
28
28
22
14
50
44
44
29
27
13
13
9
9
9
9
3
3
3
3
6
6
6
6
6
6
6
3
38
23
5
5
34
34
34
36
47
47
45
33
33
33
1
43
43
43
43
1
6
8
8
20
3
3
40
40
38
15
11
43
17
17
17
31
31
44
44
26
49
49
49
33
34
19
26
26
3
3
10
5
24
24
40
40
25
22
22
22
22
37
34
34
34
34
34
27
27
22
26
26
48
7
7
7
15
15
15
15
15
15
15
15
15
15
46
14
47
39
29
26
26
16
16
50
10
26
1
1
1
23
23
16
16
16
49
36
36
36
9
31
31
16
16
16
16
16
16
17
17
17
17
4
4
4
4
31
31
31
31
8
8
8
6
14
2
2
26
40
40
40
40
45
19
19
19
19
10
9
9
9
9
9
9
17
28
28
28
28
