23
23
4
40
39
8
8
26
26
26
17
17
27
25
25
4
4
4
3
3
3
3
9
6
6
16
16
3
3
3
3
31
31
27
37
44
44
28
28
28
28
28
28
28
24
6
10
10
10
2
48
21
21
22
9
31
31
31
31
31
31
31
31
31
31
31
31
31
31
21
25
21
33
50
42
42
33
36
6
35
33
33
33
33
27
12
7
26
21
48
48
9
32
35
26
29
15
22
22
22
22
22
22
46
46
7
3
3
3
47
47
47
47
47
47
2
2
2
2
13
13
41
45
45
48
48
44
44
44
30
30
30
9
9
9
9
9
9
48
48
48
48
50
50
50
50
50
44
44
44
44
23
47
2
8
8
8
30
30
42
46
16
16
16
16
23
23
23
29
29
29
32
6
37
37
37
32
32
17
17
38
47
47
47
2
2
2
29
29
41
41
15
41
41
41
29
29
29
29
29
29
9
