25
37
22
22
24
24
24
40
11
11
11
40
40
40
46
46
37
37
20
6
4
31
9
9
9
9
9
9
9
9
18
18
11
47
37
37
37
33
3
47
47
47
47
47
5
23
23
39
11
10
44
43
43
49
48
29
2
40
40
40
40
40
40
40
14
14
21
35
35
45
45
36
36
4
4
9
40
40
42
1
45
24
24
24
24
24
24
29
31
31
31
31
31
50
50
50
5
5
5
5
31
6
50
18
18
29
8
23
23
23
23
8
8
8
9
10
10
10
40
40
40
9
4
4
4
4
4
49
49
19
9
5
5
5
3
3
3
3
38
50
50
28
34
31
31
31
13
17
17
20
43
43
43
35
49
18
26
13
13
50
40
8
34
1
1
1
39
3
3
3
3
3
21
21
21
38
38
38
28
28
28
13
13
31
31
31
31
42
42
36
36
36
24
12
44
44
44
44
18
28
28
28
