45
26
26
26
26
26
46
46
46
46
2
2
2
33
33
33
37
8
8
8
16
16
16
38
38
23
23
31
20
38
38
38
38
28
28
5
5
23
40
11
23
23
23
22
22
36
36
49
46
20
18
18
18
18
23
43
43
43
6
38
38
38
24
24
24
43
32
48
5
12
40
40
46
6
44
44
44
44
44
12
12
40
36
36
36
36
42
42
36
36
3
22
25
22
25
13
13
13
13
48
32
32
32
38
41
41
10
10
10
22
35
8
25
43
43
43
43
43
14
15
15
21
14
26
26
22
22
22
20
20
24
24
24
24
24
24
12
11
11
8
8
8
8
36
36
36
36
25
17
26
26
34
50
50
50
48
48
48
48
46
46
48
31
41
44
44
47
47
47
10
6
11
11
11
24
32
32
45
45
37
37
37
8
8
8
8
33
33
33
33
43
43
21
43
43
43
43
8
32
32
32
32
