47
49
49
49
36
49
44
37
17
24
39
39
39
39
7
7
3
3
34
34
25
25
25
25
32
46
11
22
43
25
42
17
17
17
1
1
17
17
17
27
27
30
20
4
4
28
29
29
29
29
40
46
46
46
46
46
46
46
17
23
23
3
3
46
46
46
46
46
46
46
46
46
17
23
15
15
2
28
33
24
24
24
24
39
39
39
39
14
1
1
1
4
28
40
40
12
40
45
45
45
48
48
48
48
48
48
22
22
43
43
43
14
14
24
4
4
30
28
28
28
38
47
47
19
7
7
7
9
9
23
22
22
42
26
22
22
22
10
4
4
4
4
49
49
38
15
15
40
47
47
13
26
26
26
34
27
27
27
15
12
34
34
34
34
34
34
23
10
32
32
32
32
32
32
8
33
33
33
8
8
24
21
7
7
7
7
7
7
32
32
32
34
34
37
37
37
4
41
47
24
24
37
