29
29
29
29
50
50
14
22
22
17
17
7
36
12
12
41
48
38
20
20
34
26
26
26
26
26
33
33
36
4
4
8
8
8
26
26
26
3
3
12
48
48
48
48
48
48
34
34
34
34
34
28
28
28
28
46
46
46
46
27
6
43
31
44
26
26
26
5
2
16
16
24
44
33
33
33
12
41
41
41
47
47
47
47
7
7
7
7
7
7
7
47
47
48
50
50
32
48
25
2
2
41
30
42
42
20
33
33
33
33
26
26
26
49
49
40
40
40
4
4
4
44
25
25
18
18
23
36
18
18
18
18
18
21
21
15
15
46
36
2
2
2
13
41
41
41
41
35
38
38
38
5
47
26
9
9
9
1
1
20
1
24
41
41
15
15
15
15
34
34
34
34
34
20
8
35
17
17
27
39
39
39
39
39
30
30
46
46
46
15
15
15
15
34
34
47
47
30
30
30
30
30
