26
6
23
23
32
32
11
11
19
27
27
27
35
14
14
4
4
22
45
45
45
45
4
4
4
4
4
4
4
4
4
6
40
5
5
5
43
43
43
43
15
15
46
37
43
43
43
30
30
44
15
15
15
15
15
15
37
37
37
37
37
37
19
19
39
39
31
44
44
48
48
48
48
39
37
31
4
4
4
47
25
14
48
48
48
43
43
43
7
7
7
1
23
25
41
41
41
41
1
1
1
43
9
9
41
37
37
37
37
37
37
24
24
45
45
45
45
47
47
6
6
30
30
21
24
36
46
46
46
12
15
15
15
40
20
20
17
17
29
1
33
16
16
30
20
20
35
35
35
41
12
36
36
36
36
23
45
21
20
40
37
37
37
37
37
47
33
37
37
9
9
50
50
32
48
22
18
16
41
47
4
4
12
29
10
10
17
26
26
26
27
2
2
2
5
15
15
15
15
42
42
1
