8
8
8
21
21
21
21
21
21
21
3
19
38
19
19
44
44
48
35
35
35
35
35
16
16
16
30
30
30
30
30
29
25
39
26
45
50
42
46
45
43
43
24
26
26
28
28
41
41
41
41
41
2
11
9
9
9
11
19
17
23
23
46
18
18
32
32
32
11
11
11
11
11
37
46
16
19
47
47
6
28
23
47
47
38
16
37
37
15
47
47
47
27
40
18
18
18
33
33
49
49
49
32
12
26
26
26
14
14
14
14
14
14
30
30
2
13
13
23
23
23
20
20
20
20
22
18
18
32
39
42
42
42
37
37
24
5
4
4
38
38
38
11
11
11
11
26
21
21
21
27
27
22
12
12
40
40
49
49
49
31
11
11
11
17
16
16
20
17
17
14
14
8
28
28
28
28
50
50
50
20
20
20
9
15
28
28
48
48
31
48
48
48
48
48
27
34
34
34
47
1
1
