42
9
9
9
9
9
47
47
42
42
42
42
44
44
9
9
2
2
2
33
33
26
26
23
40
40
40
49
35
47
47
2
1
28
16
1
1
1
1
28
28
6
16
16
33
18
13
13
41
41
31
31
31
11
5
10
16
43
13
19
22
20
20
10
18
18
18
3
3
3
3
3
3
3
23
23
47
44
33
24
24
24
24
42
42
31
31
42
42
22
14
14
14
15
15
9
9
48
48
28
31
31
31
27
27
27
17
17
17
17
49
50
33
28
30
30
30
39
39
30
18
18
14
14
14
14
14
28
28
28
7
3
3
39
39
39
39
39
39
39
39
17
16
13
13
3
2
2
46
20
27
46
46
46
46
3
12
12
21
5
5
5
48
49
2
2
27
27
27
13
34
50
8
23
10
10
10
25
4
42
42
42
37
37
30
25
23
23
23
23
23
10
10
20
20
50
50
50
50
50
50
17
