36
26
6
6
6
6
6
6
48
48
48
48
48
48
9
9
48
23
44
17
17
39
39
36
48
32
15
15
15
40
22
17
6
6
6
6
48
33
22
14
14
14
10
10
10
30
14
14
20
11
43
22
22
26
26
14
25
18
22
22
22
22
3
3
3
17
17
17
17
43
43
43
2
2
11
38
38
38
6
6
6
6
34
49
49
49
49
49
10
49
13
12
12
48
46
4
16
14
14
49
49
49
16
16
16
16
16
16
16
6
19
34
10
23
11
49
35
35
42
35
2
2
2
2
35
35
35
24
24
12
38
6
42
47
37
36
23
23
28
28
28
48
42
43
43
31
31
4
4
4
14
26
40
48
32
32
20
29
29
29
18
10
4
4
4
48
48
48
46
19
32
32
32
5
5
5
5
5
5
5
5
5
5
4
34
34
34
34
34
34
33
33
33
36
36
36
1
21
11
11
24
35
