21
35
14
14
8
7
7
26
26
26
31
45
31
48
35
35
35
4
4
47
47
49
23
23
23
23
23
15
35
35
35
35
35
17
20
10
10
10
10
46
33
33
8
34
34
34
17
17
17
32
44
44
4
16
6
6
8
8
9
43
14
18
18
18
18
44
23
23
30
13
13
13
4
40
28
28
29
29
29
29
29
29
29
29
29
6
38
38
38
14
14
49
49
49
4
4
34
30
30
19
8
8
45
45
23
50
50
50
50
37
45
15
15
42
42
46
11
37
32
42
42
42
9
9
38
35
35
3
50
47
47
4
45
12
12
12
12
12
12
12
12
12
12
12
35
35
13
44
6
50
50
50
41
41
22
22
22
22
22
40
40
26
5
5
35
35
35
37
41
12
12
12
12
12
34
8
8
11
11
43
43
43
43
49
49
9
9
50
18
18
40
40
40
20
18
35
47
5
5
17
17
17
