21
21
12
12
48
9
11
11
11
11
11
8
48
43
43
43
34
47
47
14
47
28
28
48
48
38
38
36
47
37
2
2
2
2
2
2
2
8
34
4
4
39
31
31
31
31
7
7
32
32
31
29
10
20
44
49
49
49
49
15
15
15
12
23
23
23
19
19
22
22
23
23
44
46
46
46
46
11
15
35
35
35
35
35
29
29
36
36
47
17
44
44
44
44
44
31
44
44
46
46
26
26
46
46
46
35
35
5
30
30
30
30
30
30
31
31
1
7
22
10
10
10
10
27
27
27
14
47
12
12
12
12
33
7
7
48
48
48
48
48
48
48
48
39
48
48
37
37
37
31
20
6
6
6
12
12
23
10
30
8
8
40
17
16
29
29
22
22
29
36
17
17
15
13
13
13
29
29
20
28
48
6
6
38
6
6
8
8
34
30
5
16
16
16
16
28
41
22
22
6
6
6
