22
17
17
17
41
2
2
2
2
2
2
2
2
19
26
26
26
27
50
4
4
4
4
4
4
44
9
9
1
14
46
46
17
47
47
34
34
49
49
49
49
49
49
49
46
22
22
22
11
25
25
43
23
23
23
49
49
49
49
18
18
30
30
30
30
30
30
4
12
12
12
36
18
34
50
50
50
39
31
31
43
43
21
15
32
1
39
3
24
24
44
44
44
17
3
3
3
11
11
15
46
47
47
47
23
29
25
25
32
10
1
1
1
10
34
25
39
39
39
30
30
25
4
4
13
13
13
13
20
20
20
48
47
50
1
16
16
16
16
16
47
11
11
11
11
11
38
44
25
49
49
49
49
49
49
39
30
15
50
50
4
4
4
4
44
5
5
5
5
5
44
4
18
18
6
6
22
25
25
12
12
14
29
29
29
24
24
42
2
2
33
33
33
2
47
47
47
38
38
35
35
7
