24
18
18
10
33
33
33
32
41
41
7
5
5
5
36
8
41
28
32
16
26
44
13
33
25
25
25
25
41
3
3
31
31
31
41
41
41
41
41
41
41
41
46
48
46
36
7
7
7
7
45
45
37
37
12
30
33
28
48
48
20
49
49
13
41
44
44
48
31
10
12
12
2
27
11
11
22
45
22
22
5
5
3
3
3
11
11
26
26
38
38
38
38
47
47
28
28
28
6
48
28
47
21
21
21
21
29
29
29
29
29
29
29
40
31
31
31
31
18
18
18
21
21
21
49
49
5
5
5
5
49
49
49
16
16
16
16
16
16
7
7
7
33
27
13
38
38
9
9
9
42
42
49
32
32
15
15
38
27
27
27
27
27
27
7
29
6
18
18
41
41
41
30
9
9
9
31
31
31
31
31
20
23
3
3
3
25
25
28
28
31
22
22
22
22
49
49
1
25
25
41
12
