4
4
4
42
42
42
14
14
44
39
39
39
39
39
47
47
15
15
16
16
16
44
42
42
42
35
15
15
15
41
41
41
44
13
43
43
3
33
33
33
25
28
33
33
33
33
40
48
48
48
15
23
1
1
21
43
43
15
15
15
46
46
31
23
23
23
23
24
19
19
19
19
39
39
6
6
6
6
6
7
7
27
27
27
35
7
33
33
21
2
2
2
19
19
3
3
49
3
3
48
34
34
34
34
4
4
4
37
16
28
9
15
15
15
15
15
47
19
19
18
18
18
33
33
33
33
19
24
12
19
8
8
10
10
3
7
7
26
26
26
8
19
22
50
50
50
29
29
29
46
14
14
14
14
14
14
28
37
37
37
4
46
23
23
23
23
41
41
41
3
3
30
30
2
12
12
12
12
12
50
12
2
36
17
17
33
48
33
8
37
29
24
24
24
31
31
31
31
31
5
26
29
