33
33
5
5
5
5
5
5
12
12
42
49
49
49
39
14
6
47
47
42
3
3
3
28
50
50
50
50
50
50
50
17
29
45
45
44
44
44
22
8
8
8
16
16
12
12
14
1
36
25
25
8
8
27
43
44
34
6
15
20
20
20
20
20
20
20
20
20
48
50
50
50
15
15
15
15
30
10
39
39
39
26
33
47
47
47
47
47
47
47
47
16
28
10
10
44
44
44
44
44
45
16
14
1
1
18
18
18
44
44
44
16
16
16
43
10
10
10
10
10
10
10
47
24
2
6
6
6
6
14
14
44
44
44
50
50
20
20
20
20
20
4
4
4
4
2
41
41
41
2
5
42
47
47
43
39
39
39
39
39
10
21
21
49
40
40
29
23
23
23
18
43
16
16
16
17
17
3
3
37
37
37
37
47
47
47
47
47
44
21
4
34
34
50
50
50
50
50
18
48
47
31
