28
18
18
11
33
26
50
34
38
38
37
35
46
46
46
14
4
14
39
39
39
39
39
39
39
43
46
46
46
46
6
6
6
22
1
1
30
17
17
17
17
17
17
17
17
17
17
20
7
25
16
16
33
16
32
32
32
32
16
16
29
29
29
47
40
43
22
22
22
25
25
27
27
27
27
47
16
31
31
31
31
3
25
5
5
13
10
10
10
10
12
16
17
17
11
11
11
33
16
16
22
22
3
47
50
50
50
50
10
10
10
10
49
49
37
37
9
9
37
37
37
33
17
17
17
49
49
49
49
40
36
33
33
48
38
42
42
32
19
48
48
48
48
26
33
33
33
33
33
16
3
3
26
48
48
3
19
19
5
23
23
23
23
9
22
22
40
43
43
43
16
27
33
33
42
46
46
46
19
7
7
4
4
4
4
4
34
34
26
26
45
45
39
39
39
37
21
24
44
44
18
18
