13
13
23
23
26
27
37
37
49
9
3
41
3
3
38
43
43
43
43
43
43
49
49
49
23
7
7
7
7
7
7
47
47
8
8
8
8
27
4
4
47
16
16
16
8
10
10
10
1
1
18
18
18
17
17
5
5
36
9
9
20
46
46
46
19
3
3
3
3
3
3
24
22
48
48
22
22
22
20
11
11
11
44
44
44
11
11
28
28
1
1
1
1
35
23
4
4
44
44
44
14
44
44
44
44
7
7
49
25
29
13
2
47
47
47
49
49
40
40
5
12
16
16
26
3
12
21
21
23
23
23
41
46
46
49
49
25
25
25
25
24
42
44
35
31
19
21
21
35
35
8
28
44
38
38
47
47
47
47
19
19
36
36
30
50
50
50
6
6
9
43
33
48
48
12
12
12
12
12
18
18
18
25
50
6
22
22
22
22
22
9
32
36
36
31
4
4
5
5
5
5
13
