20
20
10
10
10
10
16
16
16
16
16
32
32
32
32
32
45
47
34
44
44
42
42
29
48
48
47
1
1
25
25
29
29
29
29
29
29
29
47
47
47
40
40
39
5
5
5
5
37
48
28
50
50
50
14
14
14
14
10
20
20
20
20
20
11
11
11
23
23
43
43
43
43
43
43
43
43
43
43
15
14
14
5
5
15
18
27
7
7
22
22
9
41
25
25
25
36
36
23
40
40
48
48
48
12
12
12
12
12
2
2
2
2
2
38
35
35
48
47
47
47
47
47
47
40
40
40
40
40
40
20
44
44
44
44
44
44
44
23
35
35
28
28
5
5
13
13
25
25
3
3
36
36
36
36
36
36
36
1
1
1
47
47
47
47
20
19
15
15
48
24
24
44
36
36
35
31
8
8
13
3
32
32
25
25
7
7
7
3
3
3
3
49
49
36
22
22
19
21
38
10
11
