3
3
10
31
31
31
31
31
31
31
31
10
41
41
11
11
11
11
11
23
23
23
28
28
38
36
39
39
39
35
35
39
49
49
32
17
17
21
21
21
23
39
17
32
32
6
46
46
30
7
7
33
14
14
16
16
42
3
3
38
38
38
3
37
37
26
26
24
24
24
24
13
13
36
43
43
43
43
43
12
12
12
12
12
12
48
48
20
20
21
25
8
7
29
10
10
10
17
17
17
17
17
10
39
48
48
48
21
5
40
40
30
30
30
45
44
12
22
50
50
50
50
22
21
21
21
41
40
25
34
38
32
47
47
47
34
34
12
12
12
12
12
23
33
33
33
5
5
40
10
10
10
10
10
10
12
8
8
8
30
3
3
43
3
3
16
33
33
33
33
33
47
47
47
25
25
25
25
25
25
6
44
44
34
34
22
22
12
2
39
33
42
41
41
41
41
32
24
1
21
6
6
