29
29
26
26
27
27
37
37
37
5
37
45
37
37
37
26
35
35
35
35
35
35
35
18
18
18
24
47
35
10
30
30
28
5
5
39
39
39
39
39
39
39
42
42
42
42
16
39
39
16
16
16
16
33
15
15
27
27
14
21
21
19
32
32
32
32
36
31
50
27
27
5
29
27
27
46
26
26
49
46
46
24
13
13
13
45
36
36
36
42
40
40
40
45
45
45
45
45
45
45
45
45
43
37
31
31
31
24
24
24
15
15
20
4
7
7
42
42
42
42
42
33
33
33
33
33
6
38
38
46
46
36
36
36
40
36
34
34
34
48
19
36
36
29
29
47
47
47
27
27
9
9
9
9
9
44
10
19
7
7
26
47
18
18
32
32
32
32
32
20
13
22
22
22
3
15
20
20
20
25
25
50
50
50
13
13
13
13
13
45
45
22
38
20
20
29
29
29
29
29
29
50
