19
26
49
49
49
49
42
27
11
11
11
11
2
8
28
20
3
3
3
3
43
43
43
16
16
11
49
16
16
1
48
33
50
30
34
34
34
16
47
26
28
23
23
23
15
11
11
27
4
4
20
12
12
12
12
12
32
32
32
2
2
34
13
19
37
31
31
34
34
34
46
46
46
13
13
13
33
33
44
44
44
44
44
8
37
41
41
33
33
33
33
33
33
34
34
48
48
48
48
34
45
45
21
21
49
40
39
39
39
13
37
35
26
26
17
17
17
17
46
46
41
18
28
28
14
5
5
5
8
24
24
28
28
28
28
38
38
23
12
14
14
14
14
2
2
31
40
40
40
40
29
29
29
29
29
6
3
34
11
11
40
40
40
8
8
8
12
22
22
22
22
32
32
32
5
43
9
9
9
9
9
9
9
9
11
11
7
7
7
7
40
30
16
16
16
16
16
16
16
49
49
49
