38
5
5
5
5
29
39
39
49
9
9
18
16
16
12
12
12
12
12
12
12
12
12
12
17
17
42
42
47
47
47
27
27
27
40
10
10
10
27
27
11
2
4
44
44
23
25
25
16
48
48
1
1
2
5
5
40
5
5
5
33
33
49
20
49
8
8
46
24
11
11
11
11
11
44
44
44
23
23
37
38
8
8
8
8
40
40
40
4
19
34
34
12
9
49
38
45
45
45
45
20
4
4
49
23
23
23
23
23
4
4
4
8
8
8
14
14
14
14
14
15
15
10
10
10
10
10
5
33
33
11
15
15
15
15
15
48
16
32
19
20
20
47
33
33
33
33
24
24
28
28
14
14
24
24
24
24
18
25
9
9
40
26
26
9
12
46
46
43
43
43
43
43
14
14
4
4
31
35
35
35
11
11
10
7
7
8
50
50
50
21
21
21
21
42
42
34
34
38
48
48
48
