50
50
50
50
14
47
47
19
44
44
44
49
22
22
11
27
5
19
46
46
6
41
45
45
22
40
40
50
44
44
44
9
9
23
24
24
24
24
26
37
35
8
8
8
8
11
50
50
49
49
19
48
48
14
14
14
14
14
5
5
28
49
49
49
49
3
3
2
30
19
19
19
16
12
42
25
25
19
19
19
7
44
16
7
44
29
29
34
34
25
14
14
14
14
14
14
14
34
34
34
6
33
33
33
33
33
20
2
6
26
26
26
8
14
14
50
2
2
2
2
39
39
49
27
4
4
8
8
18
18
30
30
30
27
34
43
31
31
41
47
47
47
38
38
35
35
27
40
5
5
18
18
16
22
50
46
46
46
17
22
23
14
36
5
4
18
18
18
16
16
2
49
2
44
47
20
35
27
11
11
11
11
11
11
11
11
47
47
5
5
5
5
11
11
11
11
24
3
27
27
19
19
