20
20
5
34
34
42
42
33
33
6
1
22
29
29
29
29
29
29
29
27
27
8
8
26
26
11
32
32
32
32
6
11
11
46
42
42
42
42
42
42
42
7
7
15
17
44
46
48
26
26
26
27
27
27
27
27
9
3
10
10
40
40
40
40
25
43
22
39
24
22
25
40
27
27
27
27
27
27
19
19
19
19
19
42
27
18
18
48
48
19
14
14
14
42
42
42
42
42
30
30
30
30
30
24
24
27
27
27
3
3
3
3
3
3
3
24
24
24
24
12
12
48
21
9
9
9
9
9
38
38
45
34
48
48
48
34
34
34
22
7
10
10
10
10
50
7
17
33
45
28
21
50
50
49
17
24
24
1
21
21
3
24
24
24
24
24
24
15
15
15
43
39
1
1
6
6
6
42
41
37
37
38
38
38
28
40
40
1
1
40
40
31
31
6
29
50
2
34
34
40
1
49
