35
35
30
30
30
25
25
25
25
42
47
43
43
43
27
27
39
39
11
26
26
26
26
10
29
29
28
42
42
50
50
50
50
50
50
50
50
50
50
50
20
22
22
22
41
21
21
21
1
1
6
6
27
27
12
25
30
14
14
14
14
43
35
21
21
21
24
30
1
40
5
5
5
14
48
48
23
23
12
12
12
12
12
12
12
33
13
13
9
9
9
40
11
11
13
50
50
50
50
38
19
19
19
19
11
31
31
11
26
8
33
33
33
38
38
38
38
33
33
43
43
43
43
43
43
43
33
33
33
33
4
49
9
6
1
12
12
24
24
24
24
41
10
26
25
8
8
3
15
46
46
46
1
1
22
22
22
42
42
34
34
5
44
44
44
38
38
38
38
38
41
11
11
40
21
21
21
1
1
21
37
50
45
32
32
32
38
29
29
29
29
11
43
43
43
43
6
34
39
39
47
47
