29
23
23
34
12
12
12
12
12
12
9
9
37
37
37
34
34
50
50
22
22
44
46
24
24
37
35
2
6
6
16
16
16
8
8
8
42
42
22
38
38
38
38
28
45
4
6
6
22
46
46
32
32
32
19
19
15
11
11
11
11
46
45
24
14
14
35
21
12
12
12
12
12
11
14
34
19
19
38
5
5
5
5
5
46
46
33
33
33
33
2
2
30
22
22
30
30
20
11
11
11
48
48
17
17
17
3
3
36
28
28
17
40
23
23
45
39
11
11
11
11
20
20
20
15
15
15
15
5
5
4
13
27
49
26
28
11
6
8
8
8
18
18
18
6
50
50
50
27
7
44
44
9
7
7
7
7
7
24
29
29
44
6
21
21
21
44
15
15
15
6
6
6
6
6
14
36
36
36
37
42
42
42
42
42
16
32
32
14
4
33
39
9
13
12
12
12
12
2
23
23
4
