40
40
32
4
4
4
4
4
40
40
40
43
22
35
35
48
48
48
48
48
8
9
9
8
29
2
2
16
26
32
32
34
24
29
16
32
29
29
28
28
21
22
28
47
23
14
14
14
14
30
8
49
49
13
13
13
9
9
9
10
17
10
2
2
2
2
30
30
18
34
34
31
12
12
12
12
12
12
12
25
22
22
48
2
2
25
25
7
45
32
15
34
34
34
48
36
36
34
34
34
34
35
11
11
14
14
14
14
14
14
14
19
19
44
12
12
48
48
48
12
12
12
12
12
12
12
33
33
33
17
8
44
44
20
32
36
36
36
31
31
2
16
16
16
16
16
41
41
49
27
35
25
47
47
13
23
23
24
48
48
48
48
22
22
22
22
7
23
23
23
23
23
37
37
17
17
17
17
50
50
50
29
29
14
14
14
32
32
16
25
36
36
36
32
5
5
8
28
10
39
39
42
