33
33
33
33
33
15
15
15
10
21
21
29
29
26
49
45
5
40
46
46
46
46
21
21
31
31
31
44
44
6
6
6
6
17
12
21
47
47
38
38
21
27
31
31
31
46
7
7
7
13
13
17
17
50
50
50
13
13
13
35
35
5
47
47
38
38
38
38
10
25
25
25
25
44
5
5
5
47
47
35
34
34
34
29
28
35
35
35
35
35
35
45
48
48
48
48
13
14
14
39
39
39
39
39
7
10
10
10
8
8
12
12
12
12
38
43
27
20
20
20
20
20
15
27
27
10
30
30
27
27
27
27
10
32
32
32
20
20
48
48
18
18
44
40
40
15
6
38
38
17
49
43
43
43
47
48
13
23
15
15
15
47
47
47
47
47
47
47
47
24
24
39
9
29
29
29
29
29
29
17
31
31
31
23
10
27
27
3
3
48
42
42
42
42
42
42
42
44
42
18
50
49
