14
21
21
21
21
21
21
21
21
21
21
21
21
21
43
28
28
26
18
34
34
11
6
8
48
37
15
15
15
15
45
3
39
2
34
34
41
21
21
21
21
23
23
50
30
45
45
45
45
19
16
31
31
31
31
31
31
21
21
45
45
21
21
32
42
47
47
37
1
1
34
15
40
40
21
21
39
16
16
16
13
6
29
29
29
29
29
29
29
5
20
20
47
35
18
18
18
18
42
7
5
32
32
20
18
22
22
28
28
28
28
20
20
20
20
28
25
25
4
46
46
17
47
17
22
6
10
14
14
25
19
19
19
19
41
41
10
47
3
3
15
15
38
38
47
47
21
21
35
35
35
25
33
21
41
41
36
39
39
39
39
23
40
15
15
15
12
12
21
21
21
21
40
12
12
12
12
12
9
9
9
17
17
19
31
31
31
31
22
32
1
40
9
24
34
23
10
10
10
10
10
50
