1
1
1
43
43
43
43
30
41
10
10
10
49
45
45
41
41
41
41
25
17
17
17
17
17
1
17
36
5
5
43
19
19
19
19
28
28
28
28
28
28
38
28
28
32
49
49
49
49
49
9
9
5
5
5
3
4
4
3
3
3
45
28
5
5
5
9
9
9
9
39
39
39
49
49
9
18
18
18
17
28
28
28
28
28
28
32
32
32
47
47
47
47
18
18
18
29
3
3
36
26
26
3
3
3
3
3
3
3
3
20
20
20
20
24
43
13
2
2
22
22
22
22
32
32
15
15
15
18
6
6
6
6
6
6
6
6
6
6
4
6
6
12
12
35
35
35
22
16
5
5
5
5
5
9
9
9
49
49
37
37
37
37
37
38
28
28
28
28
27
7
7
30
31
46
6
6
32
19
41
18
18
6
39
4
2
2
2
2
2
17
42
32
32
32
32
27
27
27
27
12
25
