26
26
26
11
11
10
10
1
1
35
38
38
38
39
39
39
39
34
34
34
49
36
1
32
32
20
41
41
41
41
48
40
11
49
31
22
10
7
2
2
19
33
33
24
24
47
4
39
39
39
35
31
31
31
31
29
29
2
47
46
46
11
33
10
10
10
10
10
13
29
29
30
18
18
18
11
36
3
14
8
9
9
9
10
28
29
36
36
36
11
41
41
23
23
23
40
48
48
48
48
15
15
5
8
8
8
38
38
35
18
5
33
27
10
10
10
10
10
10
10
22
13
4
34
34
34
37
45
6
6
41
41
41
21
46
9
9
39
20
15
23
50
32
32
32
32
32
32
17
32
32
32
30
36
20
2
2
2
2
2
7
7
39
39
24
41
41
49
28
28
28
11
6
17
17
41
6
41
41
14
13
42
27
27
27
27
31
31
31
12
27
27
50
40
36
36
25
25
25
32
32
43
