33
10
10
34
5
5
6
45
43
16
27
27
27
10
3
3
3
3
32
32
48
49
3
3
3
13
9
43
43
7
3
44
44
34
34
34
34
34
34
5
5
4
18
20
20
20
48
48
17
17
17
17
17
14
6
45
18
43
43
14
2
2
2
2
44
18
30
36
3
3
3
3
25
25
46
27
31
31
31
9
17
31
31
9
41
41
43
19
43
43
13
13
13
4
4
13
11
27
27
27
50
50
50
50
27
50
50
32
23
23
23
23
23
23
36
43
43
43
42
42
15
15
12
41
41
41
41
41
41
38
4
13
13
13
15
15
15
38
35
35
48
48
48
49
49
21
47
11
11
11
47
3
3
4
4
4
4
26
43
43
47
47
35
35
35
23
23
33
33
44
44
44
31
32
32
32
32
38
47
47
20
20
48
34
34
35
35
15
15
33
19
35
35
35
35
32
32
32
25
25
37
14
