42
42
42
42
42
12
12
12
12
4
7
34
9
9
9
9
3
3
10
10
45
30
30
9
40
40
36
29
40
40
46
9
9
49
49
43
43
43
43
45
43
43
43
10
10
25
25
25
2
26
26
21
21
18
18
16
16
11
37
2
30
4
34
20
20
39
39
1
1
46
46
42
42
42
42
42
42
42
45
45
45
28
19
20
7
7
21
21
21
45
45
33
42
34
34
34
40
35
18
36
36
36
36
28
25
2
47
39
39
39
39
39
47
43
43
26
19
19
19
27
17
17
30
30
30
30
30
30
30
16
37
39
39
39
34
34
34
34
34
34
34
28
46
46
46
30
9
40
25
37
16
16
16
20
20
20
4
4
20
20
9
9
2
2
2
12
12
12
26
18
18
14
14
14
41
41
41
41
41
38
38
38
11
11
7
7
7
33
33
33
50
13
29
33
18
18
28
28
28
10
24
24
