33
19
19
8
11
43
24
24
24
24
24
27
27
27
27
24
31
43
43
43
18
7
30
30
30
30
29
29
7
49
49
49
20
39
48
48
46
46
46
46
21
1
24
24
24
11
30
28
35
20
20
8
31
29
29
29
24
24
3
3
3
3
42
42
42
19
32
32
11
10
16
9
31
3
32
32
32
32
32
23
29
7
7
47
48
16
38
38
28
10
10
12
12
12
12
24
24
24
24
19
22
22
26
26
26
19
19
19
9
9
43
35
35
43
43
43
43
43
33
33
25
25
24
24
24
41
41
43
43
43
11
8
14
10
10
18
20
20
20
3
3
3
2
2
2
8
46
6
6
6
6
11
46
1
1
39
40
40
40
7
7
7
7
5
5
5
5
5
2
15
37
37
39
26
26
40
40
40
50
50
50
12
12
4
1
1
1
30
30
30
45
45
5
5
5
5
28
28
28
22
22
22
