46
46
46
46
28
28
49
37
37
37
29
29
6
23
42
42
42
19
19
19
10
40
13
13
13
13
3
35
40
49
39
39
39
50
50
23
11
8
3
20
9
9
9
9
9
44
44
1
6
41
47
47
47
4
41
41
32
10
42
13
20
20
20
20
20
20
20
12
12
47
47
47
47
47
1
30
30
33
28
28
28
24
24
24
24
42
34
34
34
23
43
43
19
6
6
6
6
6
6
6
6
25
26
26
26
31
15
15
15
15
15
8
6
6
6
6
49
49
49
49
49
49
35
20
49
35
35
35
14
14
38
29
29
29
29
20
20
20
20
1
1
8
47
47
50
50
50
28
28
39
39
42
42
5
5
16
40
40
3
3
35
35
34
18
18
1
12
12
22
16
45
45
3
3
47
46
29
29
1
1
16
16
32
43
43
25
49
42
42
3
12
12
12
3
3
3
13
6
6
33
19
17
