4
8
8
8
8
8
37
37
35
35
35
36
36
36
36
36
36
36
36
38
6
18
18
43
43
43
6
8
35
19
5
7
7
7
9
9
16
16
16
16
10
10
5
5
3
3
41
27
20
36
28
28
28
28
28
28
28
28
28
10
7
29
29
29
29
36
36
36
36
13
31
2
2
2
2
1
1
1
16
19
19
19
30
30
18
46
48
48
29
9
9
27
4
40
40
40
40
40
40
28
28
33
9
9
9
9
9
9
9
44
44
44
39
39
39
39
39
39
37
37
37
37
37
15
15
15
46
46
6
6
6
7
50
50
35
25
25
38
15
15
14
14
14
33
14
14
50
50
4
4
28
28
25
25
25
10
38
10
17
48
33
33
33
33
33
33
33
33
42
41
49
49
16
16
16
16
28
28
28
18
24
45
45
22
9
22
22
22
19
3
3
3
19
19
42
42
42
42
48
13
13
13
