40
40
31
10
9
27
20
20
20
20
20
20
20
3
3
29
29
45
45
46
46
27
18
18
18
18
18
36
47
47
31
7
49
49
40
33
33
33
33
12
14
14
14
14
17
19
5
5
5
5
33
33
33
33
14
14
14
42
23
1
31
20
15
12
5
11
14
14
26
49
49
49
49
42
42
42
42
42
30
48
12
12
18
42
42
42
1
1
1
1
1
1
41
36
36
36
36
31
31
3
3
3
26
26
14
14
49
36
19
24
24
24
13
42
42
42
42
42
42
42
21
21
19
3
3
46
46
47
47
47
47
28
18
18
45
23
27
19
20
31
31
17
17
17
17
33
21
21
21
21
21
17
17
17
48
48
37
8
8
8
8
8
1
1
39
39
1
49
12
12
12
24
24
24
15
15
26
26
29
29
17
17
17
10
39
18
18
19
19
47
7
12
12
36
20
26
33
33
33
41
41
23
