14
14
14
42
45
36
12
17
10
10
10
4
4
23
4
13
33
47
33
33
33
33
33
33
33
33
33
33
39
39
39
5
5
35
5
12
12
2
15
39
10
3
3
3
3
46
46
46
46
46
9
9
1
1
1
6
6
13
13
2
2
26
22
11
11
29
25
1
1
1
16
11
11
11
46
46
46
46
46
46
46
46
46
16
30
12
20
20
6
6
6
6
6
31
31
31
3
19
11
35
35
21
21
21
21
1
47
47
47
47
47
5
5
30
17
20
20
48
38
38
21
21
38
23
6
6
6
6
48
48
11
11
1
31
31
21
50
50
30
30
30
30
30
16
16
16
16
42
42
17
17
17
17
17
17
16
16
38
32
20
27
27
4
4
4
12
12
12
28
28
28
38
50
50
10
10
7
16
16
2
7
7
7
5
5
50
21
50
42
29
36
18
18
46
37
30
46
48
48
21
31
31
