48
48
31
31
31
31
28
8
26
1
1
1
3
17
17
39
39
23
23
23
23
23
23
22
22
22
39
39
13
13
13
13
13
37
37
26
26
1
12
32
32
32
32
32
32
32
32
32
32
32
32
11
8
8
8
27
27
27
38
2
2
21
21
21
48
34
21
28
28
5
30
49
49
49
13
45
45
45
29
6
26
26
26
26
26
26
38
15
15
44
16
12
12
3
3
31
31
11
21
40
40
40
42
18
18
14
14
35
35
35
35
8
22
22
22
22
22
22
39
27
16
41
30
34
12
18
18
36
37
37
37
10
10
2
45
45
19
4
4
4
48
48
50
50
50
23
20
20
20
20
20
20
20
20
20
37
37
39
2
2
2
2
2
25
17
33
33
33
33
33
33
29
25
25
25
28
30
30
19
19
38
38
40
40
5
5
5
5
30
19
19
19
19
2
2
44
13
23
37
14
14
22
