50
49
40
40
47
33
23
23
23
23
23
23
23
44
44
17
45
45
45
45
43
43
43
18
18
1
36
36
6
39
39
21
21
21
21
21
21
21
17
17
38
38
38
29
29
29
20
20
20
20
37
37
37
47
21
31
31
21
41
41
46
46
46
24
24
27
27
18
21
21
13
13
13
4
4
28
28
44
44
29
8
15
30
30
37
5
5
5
5
35
35
35
35
30
30
50
39
5
34
5
23
23
23
23
23
34
34
20
20
13
20
20
15
1
20
37
37
37
37
21
23
23
40
38
27
27
27
27
27
46
19
1
39
39
1
49
49
43
43
42
42
43
43
43
43
5
18
27
27
27
27
25
25
10
10
10
31
34
35
35
8
8
34
8
7
7
3
26
26
4
4
21
40
40
40
9
9
38
38
38
38
41
41
41
11
13
13
13
13
5
43
43
43
43
49
24
28
21
21
36
5
5
