37
41
43
43
25
11
11
11
33
20
20
20
38
17
41
41
41
41
41
14
39
36
36
36
36
36
36
36
36
40
40
40
47
47
47
47
27
35
6
32
31
31
31
31
41
41
41
41
41
16
31
31
26
26
6
1
47
8
8
8
8
35
8
8
41
41
41
41
17
17
37
37
37
26
6
6
1
1
35
35
35
13
18
33
23
4
4
4
4
6
17
17
17
17
17
42
42
49
49
42
42
7
7
7
50
50
50
10
2
27
27
27
27
48
27
27
27
43
43
43
43
26
26
26
12
12
12
12
15
15
15
15
36
36
36
36
36
36
36
23
23
9
13
13
10
10
14
42
8
8
8
44
44
19
19
19
30
30
30
30
29
15
15
43
43
43
50
50
50
17
15
15
15
15
5
22
6
33
37
37
23
23
23
17
17
29
31
31
31
31
31
31
42
42
9
29
4
4
4
4
29
9
