2
18
18
32
32
27
27
48
20
18
36
47
47
21
21
33
33
33
33
36
36
36
36
36
8
6
6
6
6
6
6
6
6
12
12
12
33
33
33
33
1
42
42
35
46
46
46
10
36
36
35
35
35
40
32
32
31
31
2
31
49
49
1
1
1
19
19
19
19
38
12
12
12
11
9
41
41
41
41
27
27
27
45
36
49
49
15
13
13
13
13
17
17
49
49
36
42
42
42
42
42
14
10
4
43
24
18
18
14
15
50
34
47
47
47
47
44
44
44
3
19
19
16
6
15
15
15
11
11
11
19
6
31
31
31
31
31
31
31
31
31
16
38
38
38
38
38
47
24
24
18
16
16
41
41
2
40
40
25
30
7
7
7
32
32
32
5
3
3
3
3
48
12
35
20
20
20
14
14
40
40
40
40
30
8
49
21
4
4
4
4
50
15
9
9
27
23
44
44
44
36
36
