33
33
33
30
23
2
2
2
8
8
8
8
8
8
43
19
22
7
11
11
11
11
5
6
6
27
27
45
11
2
7
7
30
13
29
50
50
3
34
32
32
32
41
41
41
17
46
46
46
46
24
24
24
24
38
38
38
38
38
23
23
40
40
40
40
40
48
48
35
35
25
20
38
6
30
21
21
21
21
37
36
36
36
13
13
13
13
31
39
39
39
39
11
46
14
32
16
16
16
47
47
17
17
17
17
19
19
14
14
18
18
43
42
14
44
24
45
45
45
45
23
23
29
35
35
19
2
2
2
21
21
21
21
21
21
21
21
16
13
50
46
46
46
46
46
6
3
32
41
21
20
38
1
1
45
5
47
30
30
30
30
30
17
17
17
49
40
14
14
14
18
18
29
49
24
44
39
32
32
32
5
32
13
13
33
13
48
50
50
50
50
50
50
50
30
30
30
43
43
14
38
25
