15
15
47
16
16
2
2
2
30
30
17
17
32
49
16
41
49
18
13
13
13
47
47
47
47
47
47
24
24
24
42
42
42
42
21
29
29
29
29
29
29
5
5
49
49
32
32
32
3
24
28
12
12
12
12
1
1
1
1
1
1
1
1
22
22
22
22
21
21
19
11
11
19
32
32
21
21
22
22
22
22
22
22
20
20
19
22
22
22
22
22
22
22
36
33
28
28
45
8
8
40
31
31
31
44
24
24
24
24
24
24
11
28
3
3
19
19
19
19
19
28
28
28
44
12
12
12
12
47
31
27
48
1
1
1
38
14
14
27
48
48
48
19
19
18
21
13
13
13
17
17
17
17
27
30
32
32
5
46
46
20
35
35
1
42
13
13
13
13
13
13
25
45
45
44
48
48
7
7
37
37
8
21
8
7
28
28
28
28
31
31
31
31
31
31
36
36
17
47
47
47
47
