42
42
42
29
29
1
4
4
4
4
4
4
4
4
6
6
6
16
30
30
12
12
12
14
28
2
45
45
45
27
48
48
19
19
19
24
24
24
36
36
36
36
36
22
22
7
34
34
20
20
7
7
49
3
3
27
27
27
39
3
23
29
29
39
5
5
28
30
30
15
15
15
15
39
39
29
29
29
29
29
29
25
25
25
6
46
25
25
47
7
7
41
45
43
21
48
48
25
25
25
25
25
25
25
25
37
37
37
30
30
30
30
47
10
13
28
45
12
12
12
37
37
37
40
13
23
23
40
40
40
18
50
50
33
41
45
45
46
10
10
19
19
19
38
38
38
37
43
8
8
8
8
8
8
8
8
8
31
31
31
31
31
31
31
45
45
45
45
45
18
18
18
40
40
1
49
21
21
10
28
46
50
47
39
24
24
24
11
11
11
28
28
49
49
49
49
4
4
4
20
20
20
