23
23
18
18
8
8
45
45
45
30
30
41
41
41
30
15
15
16
16
16
47
31
31
47
47
47
28
10
10
1
40
3
3
3
34
9
9
9
9
9
13
13
13
49
43
45
16
48
34
28
28
28
28
3
27
12
46
8
16
16
16
8
28
28
28
44
46
29
29
3
34
25
27
44
5
25
25
25
25
25
25
39
39
11
50
4
27
15
20
18
18
18
18
18
18
15
27
45
45
50
40
14
20
20
20
20
20
14
14
14
14
4
4
41
25
25
16
16
36
36
36
3
8
8
42
42
42
42
42
38
38
38
32
2
2
11
11
11
15
28
28
3
11
41
38
13
17
27
27
15
15
20
20
27
27
14
14
14
14
49
49
15
15
15
15
36
36
36
36
36
13
41
17
12
12
7
5
5
15
15
14
13
13
13
13
13
13
27
27
40
40
45
45
11
11
12
12
12
32
32
36
3
