24
46
17
17
50
4
4
4
4
1
10
10
46
22
25
31
20
47
27
4
43
3
3
3
48
48
24
24
24
24
24
1
1
1
2
2
2
4
4
47
27
46
46
46
46
3
3
3
3
9
9
46
7
7
7
7
7
48
48
6
19
37
37
41
41
41
41
33
46
46
41
41
41
41
41
34
34
34
34
20
38
40
1
1
48
48
48
48
48
44
44
7
49
50
14
1
8
2
2
37
37
37
37
3
48
39
39
48
48
48
28
28
35
7
32
30
30
30
47
47
26
26
1
1
1
1
16
42
37
37
39
39
8
8
6
6
6
2
19
46
18
49
49
18
18
31
15
24
24
24
34
34
34
34
16
24
33
10
36
36
41
33
3
3
3
3
44
44
38
38
29
36
45
45
45
30
30
30
30
5
5
12
21
41
6
19
19
47
36
36
36
36
46
41
41
41
25
25
27
27
27
27
