27
48
1
1
7
33
33
27
27
45
18
5
5
5
20
47
47
47
42
42
42
42
28
44
44
11
32
32
32
15
31
31
31
27
41
37
29
29
29
29
29
29
5
5
24
27
27
27
44
5
22
25
25
3
3
27
36
25
33
18
7
30
30
46
46
3
41
41
30
30
31
11
7
7
9
9
44
44
10
31
5
50
28
49
49
2
25
25
25
9
9
8
8
4
20
26
26
23
23
23
34
34
38
38
18
18
18
18
18
18
18
18
38
38
38
10
13
20
31
38
38
38
18
19
19
19
19
19
19
25
25
25
47
47
31
31
15
15
15
15
15
39
13
24
24
24
4
4
4
4
32
43
30
30
30
30
30
23
7
45
2
2
14
14
31
31
31
31
43
11
11
11
34
34
34
34
6
6
37
37
8
6
19
19
19
40
4
4
18
2
2
2
2
2
2
2
2
2
38
8
8
49
