12
12
12
36
36
12
12
17
11
11
11
11
2
7
7
1
9
9
42
47
47
47
47
4
44
36
20
44
12
25
40
3
18
36
50
50
18
34
50
50
19
19
8
8
8
8
34
34
16
42
19
19
19
25
25
25
25
25
25
27
13
41
41
41
9
35
35
35
40
8
29
29
29
48
48
35
35
32
30
30
30
49
49
10
48
18
18
34
1
11
11
27
27
27
27
16
4
4
4
4
8
14
25
39
40
11
11
11
39
39
32
15
15
15
37
13
30
2
44
44
34
25
25
25
46
46
46
5
5
26
26
17
5
5
5
23
38
39
39
39
39
39
39
39
39
20
20
20
10
10
31
26
14
28
28
28
48
1
44
38
38
38
38
7
7
7
33
29
29
20
6
6
5
35
44
11
11
11
20
20
20
6
30
12
34
12
45
45
30
30
30
30
30
24
24
24
42
42
42
42
12
12
