9
9
47
15
34
19
19
12
19
19
19
9
44
44
44
44
44
44
44
15
30
30
31
31
43
13
13
13
18
18
18
35
35
35
15
25
26
26
25
25
25
25
15
15
26
26
26
26
26
37
37
37
37
34
34
10
10
2
2
20
11
31
31
27
27
30
38
21
7
8
37
37
37
37
37
37
17
33
3
27
27
27
27
4
4
25
37
9
9
37
10
35
35
42
46
4
34
32
22
6
6
6
41
44
44
19
19
26
28
33
33
25
25
41
7
33
33
21
49
49
49
2
3
41
41
41
41
22
22
10
10
4
45
40
40
40
24
25
44
44
44
44
44
8
7
7
7
27
27
34
23
7
7
7
7
40
40
40
40
40
40
40
40
40
15
1
1
49
49
18
46
46
17
46
11
11
6
32
32
32
32
49
49
49
40
40
40
14
41
41
41
14
42
42
34
6
6
6
17
45
45
34
