30
30
30
30
49
22
30
49
41
13
13
13
30
30
41
30
35
35
35
35
2
2
41
18
18
18
18
2
41
41
49
2
2
41
49
49
2
22
22
2
2
22
22
18
18
18
35
35
13
13
13
13
35
35
30
18
2
13
13
35
30
30
30
49
49
30
30
30
30
30
35
30
30
30
30
35
35
2
2
2
2
2
2
22
2
41
35
35
35
30
30
30
13
13
13
49
30
30
18
35
35
35
35
30
18
18
49
13
13
41
22
18
18
35
35
35
30
30
30
30
30
13
13
22
13
13
49
49
49
49
49
18
35
22
18
18
18
49
49
2
2
2
41
18
35
22
49
49
35
22
49
41
41
41
41
35
22
49
18
18
13
13
18
2
2
35
35
18
18
30
49
49
49
49
41
41
41
41
22
35
35
35
35
2
13
13
41
41
41
2
2
30
41
41
41
13
13
13
30
41
41
41
