10
16
16
16
4
4
4
22
22
22
22
22
44
44
44
44
44
44
44
44
44
44
47
33
44
17
43
50
50
50
11
27
5
5
9
6
49
49
28
42
35
40
40
25
25
12
12
25
34
34
34
34
34
14
14
14
38
38
13
35
32
32
47
47
8
19
2
9
9
44
8
8
8
2
33
24
24
39
38
39
39
47
47
47
47
47
36
36
36
44
44
44
44
44
5
5
21
21
21
21
21
30
40
40
40
14
5
15
16
15
15
15
15
15
15
15
15
3
3
28
39
39
13
36
35
35
35
35
35
40
40
40
31
4
34
37
37
37
11
11
11
11
11
11
11
11
11
11
11
11
4
4
4
4
4
4
50
31
5
5
6
6
6
25
40
40
40
40
24
24
24
10
10
10
47
47
17
17
17
17
9
5
34
35
20
20
16
16
16
16
50
1
22
22
26
33
2
21
21
10
1
40
