17
40
40
40
40
36
36
36
36
36
36
36
36
2
1
15
50
9
13
43
43
43
43
9
9
9
9
50
50
33
33
33
33
33
33
37
37
15
15
15
3
3
50
50
50
50
31
22
22
22
22
38
38
38
32
32
11
29
29
29
32
32
32
45
46
46
47
47
47
3
3
35
35
35
35
35
13
50
50
12
42
42
42
42
31
38
42
35
9
9
2
2
2
6
32
37
37
37
37
37
19
36
36
36
4
40
41
37
1
1
41
19
19
21
21
21
6
27
27
16
33
33
33
33
27
9
9
43
43
43
43
4
4
23
15
15
20
39
39
39
39
27
31
9
9
9
9
9
9
9
41
41
41
41
41
41
41
45
7
7
7
7
7
36
36
28
9
9
13
43
43
25
33
33
24
24
24
24
23
9
10
10
49
49
22
22
31
33
33
21
31
31
31
31
31
31
40
46
46
46
27
26
