44
44
33
32
32
15
42
42
8
8
22
42
40
44
29
29
29
14
14
21
28
35
35
35
35
35
33
28
34
34
26
33
28
12
12
8
8
8
8
8
25
27
27
40
41
50
50
50
50
33
33
33
33
30
49
49
49
49
49
28
28
48
48
33
26
26
26
14
49
20
20
31
31
31
7
7
25
25
25
20
15
13
13
1
1
1
13
33
33
33
50
50
50
50
50
50
50
37
12
12
7
38
38
31
31
31
31
43
43
43
22
25
25
25
29
31
31
19
19
23
26
26
26
24
22
34
34
34
34
34
34
34
46
46
38
23
7
29
29
28
17
37
37
20
20
20
33
9
9
9
9
9
24
24
24
24
49
8
29
17
34
34
34
34
21
21
40
16
35
26
26
31
31
31
25
25
25
25
14
14
14
14
3
25
25
31
1
1
1
1
4
4
21
5
5
5
19
4
4
27
27
26
