40
40
40
40
40
31
31
4
28
15
15
15
4
4
4
19
19
12
12
12
35
35
35
26
47
47
16
16
49
8
45
45
45
45
45
45
45
24
24
44
37
37
37
37
29
36
26
35
35
35
18
18
5
5
5
3
3
35
9
6
33
33
33
1
1
3
9
9
9
9
9
48
48
48
13
3
3
31
31
31
33
33
2
48
48
48
48
48
23
23
23
23
46
45
9
47
38
24
34
34
22
40
28
1
31
31
13
13
13
13
13
13
20
20
20
20
20
20
24
24
21
21
21
21
21
13
22
22
47
47
11
11
11
11
48
48
48
48
48
48
20
29
29
8
7
7
7
5
32
32
32
32
32
44
44
44
44
35
35
35
35
29
40
43
43
43
43
43
33
33
33
28
28
14
33
33
5
5
10
13
38
46
46
47
47
49
41
7
27
27
10
10
2
2
2
2
2
6
6
6
6
10
