43
12
12
17
17
17
11
35
35
35
3
3
45
23
15
15
26
14
14
14
33
32
32
32
32
32
34
37
47
47
41
41
7
35
35
35
15
15
28
28
28
28
19
7
16
16
33
1
20
9
9
5
5
9
7
33
4
41
41
41
27
27
39
39
39
24
24
24
4
25
37
37
37
21
21
43
43
43
43
34
45
45
10
10
10
10
47
19
19
10
42
20
20
2
11
11
6
43
9
2
2
2
44
44
44
31
31
31
31
20
20
45
45
45
31
50
50
4
4
25
25
15
15
25
25
14
14
49
9
9
8
8
10
10
9
9
17
38
30
30
30
30
24
24
24
42
42
40
40
40
32
5
37
37
17
17
17
7
7
46
46
39
39
43
5
5
5
6
4
4
4
4
4
1
1
1
1
29
43
14
20
17
18
18
16
16
16
17
23
23
40
40
40
7
7
7
7
7
7
23
23
23
