42
42
9
31
48
48
33
44
25
25
25
25
39
39
39
22
43
1
43
43
43
32
17
17
47
47
37
37
37
5
5
5
39
39
5
5
40
24
24
1
1
26
26
30
30
43
43
7
7
7
7
7
7
7
3
3
15
1
34
34
34
34
34
34
50
50
50
31
47
26
26
26
23
23
23
23
21
41
41
32
32
3
3
3
3
3
50
8
8
32
32
7
18
18
8
48
48
48
26
26
32
32
27
6
45
45
45
45
6
7
1
40
40
40
11
11
50
50
17
17
17
1
48
45
10
12
38
38
22
28
28
28
28
16
16
16
16
47
8
44
37
37
26
26
31
29
29
29
39
17
17
17
38
38
32
17
17
16
35
28
41
2
2
2
47
47
47
3
3
3
3
46
46
49
8
33
35
35
10
10
10
10
10
10
40
40
40
40
50
16
49
49
7
46
46
46
39
14
29
29
29
49
