49
49
23
48
48
36
1
41
41
41
41
41
14
30
36
9
19
19
19
19
27
7
7
7
28
28
13
33
33
33
12
15
15
15
29
29
29
29
17
17
17
38
38
35
40
40
40
40
40
40
21
21
45
45
40
20
20
20
18
18
46
46
16
12
12
12
12
36
43
43
8
8
8
8
37
37
37
37
37
33
13
13
13
33
6
6
27
46
46
46
32
32
44
44
27
14
14
1
34
34
34
37
10
16
21
21
21
30
22
21
24
24
14
14
14
14
22
22
22
27
7
4
4
4
33
33
33
45
21
21
27
36
41
29
49
43
43
35
17
29
29
23
23
10
40
20
20
7
41
12
30
29
29
8
8
32
31
31
31
31
31
49
49
49
10
24
24
17
17
17
17
17
33
33
33
5
2
2
3
43
43
43
19
30
30
30
23
23
27
27
27
27
27
35
12
43
14
8
50
50
18
18
