21
21
21
21
16
16
28
9
9
9
9
7
7
7
24
43
43
18
6
6
6
6
48
48
33
49
49
12
29
23
23
23
23
23
28
46
46
46
7
7
14
23
23
23
23
23
23
23
26
26
26
46
46
46
26
26
26
26
26
20
11
11
41
9
9
16
16
12
12
12
12
22
22
22
22
22
22
22
33
6
21
21
21
21
21
32
32
32
16
34
34
34
9
9
30
30
8
31
31
8
48
34
34
34
34
46
46
46
46
41
15
15
12
29
34
34
34
36
36
19
9
39
45
45
24
17
17
29
45
48
48
2
2
4
4
4
5
6
6
41
8
8
26
26
49
49
21
33
47
33
33
33
33
33
12
12
18
49
49
50
50
8
2
14
14
40
28
34
42
14
14
3
43
43
43
43
43
43
43
43
43
43
43
22
50
41
14
3
3
3
42
42
42
26
29
29
29
29
29
29
15
15
