49
49
49
43
43
43
39
39
47
31
31
24
3
3
28
9
44
44
40
40
40
28
32
32
32
8
8
8
8
12
12
39
39
39
39
39
39
30
30
30
30
30
30
33
33
48
28
35
22
22
30
3
3
3
21
21
21
21
25
25
19
4
4
4
38
38
38
38
38
38
38
15
48
4
4
4
1
35
47
47
34
34
44
44
1
27
16
26
26
26
26
14
40
40
40
3
43
43
20
20
20
12
27
27
16
14
7
18
18
18
16
32
30
30
30
30
6
21
21
21
21
21
21
21
21
36
36
36
28
28
37
32
32
32
32
40
39
15
47
47
38
45
45
45
34
34
17
17
48
48
47
47
20
20
20
20
20
20
2
2
2
2
43
6
4
4
4
9
9
9
9
20
13
29
29
12
12
12
3
3
10
12
12
12
26
22
22
3
3
30
4
16
13
40
16
32
32
32
12
28
28
24
