17
17
17
17
17
17
17
17
11
11
38
18
3
3
3
11
22
44
8
8
8
7
7
3
3
19
26
26
26
26
48
48
48
48
48
38
1
21
9
29
6
6
43
43
45
37
37
42
20
20
4
46
46
46
46
15
15
17
3
3
3
27
27
27
32
40
40
10
10
10
10
10
27
24
24
24
42
42
5
3
3
3
50
12
12
18
48
4
4
28
28
28
28
43
43
12
32
32
25
9
9
26
26
26
26
2
2
14
14
2
2
33
18
39
17
17
40
40
40
5
5
5
5
5
48
50
40
40
8
35
29
29
7
4
41
41
41
41
45
45
45
45
45
4
4
2
8
47
48
48
48
48
48
22
22
39
9
49
7
7
7
24
24
24
21
40
40
40
23
23
23
23
26
26
12
12
23
32
20
42
42
42
42
32
32
32
39
39
39
39
35
33
33
33
49
6
6
6
3
26
49
49
