39
7
39
25
3
3
3
44
13
24
24
24
24
15
39
29
1
33
19
47
30
11
11
11
16
1
1
25
25
25
25
25
36
35
41
37
37
38
36
36
12
12
12
12
35
35
35
29
29
21
21
21
23
23
9
9
9
9
9
9
9
9
9
9
9
38
38
38
45
45
45
40
40
3
17
17
27
27
27
11
20
20
20
20
24
19
31
31
8
8
8
11
38
12
12
30
27
27
27
27
43
18
37
34
34
34
1
18
18
18
18
42
42
13
13
19
19
21
8
49
49
21
21
21
21
21
30
26
11
11
11
20
18
18
18
29
1
38
16
10
10
44
44
7
7
25
25
25
23
23
26
44
9
9
13
13
14
14
48
44
36
45
2
27
27
27
27
27
43
44
4
29
18
18
18
5
31
31
48
18
17
37
44
44
36
36
38
26
29
29
29
29
41
20
20
20
20
25
25
43
44
44
