40
5
5
5
5
5
26
46
46
46
46
15
15
35
35
41
8
40
40
40
7
15
15
15
23
23
23
23
42
24
24
4
4
4
4
4
45
8
8
10
19
19
7
6
6
29
1
1
18
18
18
7
7
7
37
37
15
15
15
1
1
23
23
38
3
3
43
43
43
43
43
43
43
43
43
43
43
45
45
45
49
37
42
42
42
42
16
36
47
33
33
16
16
13
13
46
46
33
33
38
38
38
38
14
24
29
45
45
50
18
49
21
31
25
25
25
2
46
8
8
8
14
46
46
46
46
46
46
6
6
22
45
45
29
24
24
24
24
40
40
35
40
40
50
15
50
2
2
2
37
37
37
3
33
6
45
28
28
28
28
17
17
17
17
28
42
48
48
44
44
44
44
44
44
22
22
22
6
6
6
6
42
44
44
17
17
39
39
48
48
24
43
43
43
43
43
43
43
43
43
39
39
