50
50
50
50
24
9
9
4
45
45
45
45
45
17
34
13
13
13
5
5
3
3
27
6
19
19
19
19
12
12
12
9
9
9
7
7
7
41
6
6
6
48
48
3
3
3
30
27
36
36
25
9
1
47
42
48
48
19
19
11
11
11
11
39
27
27
27
47
2
2
2
31
37
37
30
30
30
30
26
22
22
16
38
36
36
38
38
38
38
38
38
37
6
22
22
22
37
28
23
35
35
35
48
31
35
35
35
8
10
10
10
36
36
39
47
47
47
35
35
35
1
1
39
10
10
47
35
47
47
47
47
47
47
47
2
28
28
34
15
25
32
37
37
14
39
15
19
47
14
14
16
9
2
32
48
48
48
48
14
14
14
29
29
29
29
15
15
15
33
33
49
49
42
42
42
42
42
42
42
42
28
28
28
28
11
11
43
43
43
41
41
50
40
40
40
19
18
8
8
8
8
8
