10
10
10
42
8
31
18
18
34
3
39
39
26
33
33
33
17
17
17
17
1
47
5
5
49
49
48
1
28
28
15
15
22
25
25
4
4
4
32
32
22
34
34
5
5
25
25
25
5
5
5
5
22
27
27
34
39
39
39
11
11
11
11
6
43
43
43
43
3
3
3
30
30
30
18
18
18
18
18
18
32
32
18
1
1
1
5
5
7
7
35
35
22
5
36
36
12
12
24
3
3
47
47
49
40
14
39
39
40
50
31
31
31
31
31
35
11
23
35
50
50
50
16
16
16
16
16
16
17
17
17
17
17
43
24
24
24
24
24
24
47
47
40
22
15
21
23
45
38
17
17
16
14
25
17
5
5
5
5
38
49
49
19
9
18
12
12
12
12
19
27
11
31
23
48
48
39
14
14
45
3
3
39
34
34
34
34
34
33
43
25
25
25
25
36
36
36
43
43
19
19
19
