49
49
27
27
4
4
4
4
4
8
8
8
8
8
17
34
34
34
34
44
49
30
42
30
49
45
45
9
20
27
34
15
15
50
50
17
17
17
17
17
20
35
43
39
2
47
16
16
16
14
21
21
43
43
43
36
12
28
28
28
40
40
40
40
40
44
44
8
44
44
4
20
18
10
46
46
46
46
50
12
12
12
12
12
29
19
25
9
10
39
5
5
29
13
26
15
15
15
15
16
40
40
50
50
50
50
50
50
50
50
13
49
49
44
44
1
1
7
7
7
7
7
7
7
7
43
3
3
29
29
12
12
12
31
14
17
17
17
13
25
12
12
3
3
17
17
17
10
5
5
28
32
6
6
6
6
49
41
41
4
41
22
22
22
40
50
50
33
35
35
19
19
19
24
24
6
6
41
41
41
41
15
6
6
6
35
35
35
35
35
35
7
7
36
36
36
47
21
29
29
46
40
