14
14
2
2
3
3
2
2
2
2
2
2
2
45
45
45
45
4
4
4
4
4
4
4
4
4
36
13
13
3
3
3
3
3
3
3
3
3
29
29
7
7
7
7
7
7
43
43
43
4
4
4
4
4
4
38
13
36
48
48
24
24
24
45
28
2
27
27
32
32
14
18
18
18
8
3
3
7
7
7
29
44
1
43
11
7
11
11
11
10
39
39
22
27
2
14
14
42
23
23
23
24
24
24
38
38
17
1
49
49
49
49
3
1
25
23
23
23
18
18
18
18
40
40
7
8
1
50
11
11
31
31
16
41
41
34
6
6
2
39
39
39
25
23
23
39
11
10
40
40
40
4
4
4
4
8
47
47
21
21
21
44
28
23
43
43
50
50
50
50
50
50
2
45
45
7
23
13
13
48
42
42
41
9
9
9
34
16
16
16
16
23
22
22
22
25
25
45
24
24
39
16
