10
28
37
40
40
40
40
29
21
29
36
38
38
22
6
20
27
22
27
27
27
32
32
36
44
33
23
15
15
35
26
36
30
34
34
34
12
15
26
47
45
7
7
24
24
24
24
48
48
18
18
18
18
2
2
2
23
13
13
13
13
13
13
13
13
13
47
40
40
14
14
31
19
19
19
19
19
19
34
34
34
34
7
7
7
7
7
7
7
44
37
37
37
37
37
37
37
8
8
12
12
50
6
6
34
34
20
20
46
46
46
46
46
46
30
23
23
6
29
29
29
45
2
45
45
35
35
9
9
9
44
29
49
49
49
49
3
1
14
14
14
14
9
9
9
27
34
18
18
45
15
9
37
10
44
21
21
12
12
12
12
12
12
35
35
35
34
24
21
21
36
36
33
49
1
6
6
6
12
25
14
14
14
14
43
43
43
43
43
46
46
45
22
41
41
41
41
32
12
12
12
12
