30
30
30
41
41
36
36
36
36
44
44
44
44
36
38
38
38
38
38
2
41
41
41
41
41
41
39
37
35
7
7
7
29
29
37
37
37
28
26
19
19
35
35
21
48
32
32
30
45
28
28
28
28
10
37
21
21
39
39
37
37
11
11
16
16
13
13
32
32
14
45
21
21
21
21
21
49
49
49
49
49
16
14
14
14
22
37
37
37
45
45
45
7
48
26
26
26
26
26
26
26
26
26
18
18
18
18
19
14
14
14
35
35
35
9
9
6
44
44
19
42
29
11
6
6
6
2
2
44
44
44
44
37
37
24
24
30
22
9
9
35
35
35
10
10
39
39
24
24
2
9
9
9
9
9
9
22
22
46
9
11
32
12
12
45
21
26
7
49
49
49
49
6
48
22
22
22
22
22
22
32
32
9
9
9
39
18
11
46
46
2
2
2
2
2
2
2
2
2
18
17
17
