49
6
6
48
48
48
30
30
25
25
13
12
47
21
21
21
32
46
34
34
2
2
2
2
45
5
6
25
25
25
25
10
10
29
5
5
5
41
41
36
4
23
38
38
38
23
23
37
37
23
23
23
23
34
27
27
1
4
45
45
49
44
44
44
44
47
19
19
45
45
45
45
44
44
31
26
26
26
26
11
11
11
11
27
31
31
41
41
41
40
44
2
17
12
12
8
26
28
28
28
28
46
6
47
47
9
9
9
9
10
50
50
26
26
26
23
23
23
30
30
22
39
39
39
28
28
28
28
28
28
28
28
27
45
45
37
37
37
37
41
41
41
21
21
16
5
5
33
37
37
10
14
14
31
31
31
31
27
48
28
28
14
44
15
15
36
36
26
26
26
26
26
25
25
41
41
41
28
38
6
6
14
42
42
10
49
8
23
47
47
47
47
31
34
34
33
33
33
33
20
36
29
