39
39
23
23
43
18
5
50
50
1
6
24
21
21
21
21
21
41
25
19
19
16
16
16
16
16
16
16
16
48
50
50
50
50
13
13
13
13
13
18
22
28
28
46
36
36
50
50
3
10
10
3
3
9
9
38
6
6
6
6
49
27
27
27
27
27
27
27
31
31
31
27
6
6
6
6
31
31
31
31
31
15
15
32
34
29
29
29
15
43
43
43
43
15
45
45
45
26
31
32
32
32
32
13
41
7
7
36
24
44
44
10
49
44
44
44
44
20
26
43
43
43
10
10
10
10
5
5
5
22
10
40
24
24
35
9
33
43
43
43
43
43
1
1
49
49
18
18
18
18
16
16
16
6
6
28
28
28
9
37
7
7
42
42
15
11
39
39
8
29
29
41
24
24
13
7
41
31
37
37
37
37
37
32
32
25
25
25
43
43
43
9
9
9
13
13
1
1
1
31
22
32
