39
46
46
46
46
46
46
46
46
5
5
5
29
19
19
19
49
37
33
41
41
22
43
12
26
26
26
26
26
26
48
37
37
30
3
3
3
28
30
30
30
16
16
20
20
40
40
40
40
43
43
13
30
23
48
36
29
29
29
23
23
23
45
32
31
39
1
22
22
22
34
9
9
2
2
2
37
17
40
40
40
37
37
22
22
22
42
36
36
23
23
5
5
5
31
31
31
31
31
31
43
42
42
8
8
21
21
21
21
32
32
32
32
32
32
32
39
33
33
28
46
19
19
43
3
45
45
45
45
45
12
12
31
31
11
11
11
36
36
22
22
25
25
5
25
25
25
49
49
49
49
19
19
20
20
45
45
45
22
31
48
48
30
9
47
27
27
27
1
26
16
16
16
16
37
33
49
49
7
37
37
39
9
9
38
6
11
11
11
11
11
11
2
42
23
33
50
50
26
42
42
42
