50
50
28
14
14
9
9
2
46
6
49
8
20
34
34
34
34
14
14
14
50
50
50
49
49
16
16
26
38
42
42
42
45
4
16
12
28
42
42
42
42
50
50
19
42
42
42
42
42
45
46
46
46
1
1
33
8
2
8
2
3
3
23
27
28
8
14
27
31
5
46
46
35
1
1
1
43
43
7
33
33
25
48
4
4
26
34
34
31
34
39
43
43
32
9
22
22
22
14
10
47
47
2
21
21
21
21
1
37
7
7
24
24
12
12
12
12
30
18
10
10
2
2
2
2
15
15
15
48
48
48
48
48
48
37
25
47
10
10
10
10
10
10
10
10
10
37
18
10
28
7
7
30
41
41
41
41
42
25
2
2
33
33
15
35
35
35
35
29
29
32
32
36
11
12
12
12
12
42
40
40
1
1
1
17
38
38
38
22
22
22
22
22
22
48
48
21
21
37
37
29
29
