46
13
37
37
37
33
1
1
18
28
28
28
6
16
16
16
16
16
16
16
16
16
26
26
38
7
7
45
45
24
24
17
24
44
44
44
8
8
8
8
8
13
13
13
13
13
35
50
50
50
50
50
42
42
42
40
21
15
15
15
17
17
18
6
6
6
6
6
6
26
26
26
26
34
32
41
33
48
48
46
46
14
35
35
45
45
39
20
20
28
28
28
40
28
17
21
21
6
43
34
34
34
34
34
19
19
7
47
47
35
35
35
25
25
3
3
3
15
15
15
15
15
7
34
34
34
44
50
50
38
38
33
33
25
9
9
37
23
23
36
36
17
13
13
22
24
24
24
24
24
22
22
23
20
20
35
45
49
49
18
18
34
36
45
49
1
1
12
43
43
18
28
28
28
38
38
11
39
5
27
27
27
27
27
41
41
20
36
9
9
9
32
50
50
50
49
49
14
2
42
3
1
