23
6
6
6
36
36
41
41
47
47
47
47
44
37
37
28
8
22
22
35
35
25
25
25
10
10
20
20
20
17
17
17
16
16
35
32
30
30
24
24
24
24
24
24
24
25
25
4
37
20
4
4
4
28
28
34
50
3
3
27
27
27
27
18
18
18
18
18
49
49
24
39
39
4
4
4
46
5
19
19
19
28
21
21
10
32
14
22
4
37
50
43
34
34
19
4
4
4
25
14
23
22
48
48
48
48
48
48
50
50
50
50
50
32
32
32
32
32
2
14
14
43
27
27
27
24
30
4
4
4
24
19
25
11
11
5
22
15
15
38
38
34
26
15
15
16
46
3
3
32
44
39
6
19
19
19
4
3
5
5
5
5
5
46
33
33
11
11
11
6
14
14
14
1
1
1
41
41
14
14
14
19
19
31
31
9
9
11
11
11
11
11
11
21
21
18
44
44
44
44
44
15
