1
25
22
7
7
26
21
21
6
6
6
50
50
50
21
21
21
23
23
22
24
24
46
46
46
43
49
49
4
4
4
3
3
3
3
47
47
47
16
20
20
20
20
8
8
8
8
38
39
39
41
19
39
39
39
36
36
36
24
32
9
36
28
16
16
11
11
28
28
28
28
26
15
15
15
17
17
49
49
3
3
3
3
3
35
24
42
42
27
25
25
25
25
25
25
10
10
35
35
35
35
30
30
30
30
21
21
21
5
38
16
3
3
46
46
46
46
46
18
41
41
40
32
32
32
32
32
32
25
25
23
23
26
17
35
35
35
35
27
47
18
23
23
23
23
23
46
46
1
7
20
33
43
5
2
2
2
2
34
47
5
5
5
5
44
44
44
44
5
14
21
10
10
10
8
43
17
17
10
1
1
41
36
18
32
32
32
49
46
45
19
19
40
40
40
40
40
11
11
11
24
16
