13
13
24
24
24
24
30
30
30
30
28
16
16
19
32
32
32
32
11
11
28
28
37
37
31
31
31
34
34
34
29
29
9
9
9
9
41
48
20
5
5
5
27
38
4
4
4
4
12
12
4
4
4
30
30
27
27
27
37
8
34
37
25
11
4
4
4
4
4
4
8
8
27
27
10
10
10
10
29
14
42
42
39
40
40
40
50
27
27
27
18
18
18
8
8
6
6
6
6
6
6
6
19
19
24
24
24
24
24
18
18
30
30
19
19
19
19
19
19
24
15
44
6
47
47
47
48
47
47
26
35
17
17
17
28
15
15
15
9
23
23
34
34
37
43
43
32
32
11
17
17
36
48
30
30
30
37
37
12
34
36
40
40
13
13
14
14
33
33
33
34
9
45
25
25
34
9
1
46
40
40
40
40
44
24
31
31
31
26
25
25
25
25
41
8
8
8
47
47
47
27
15
