15
23
23
43
43
43
29
34
34
34
34
23
23
23
23
23
33
33
20
20
20
15
18
42
33
33
20
20
20
23
23
20
43
29
29
7
32
39
21
17
7
16
42
17
17
17
17
17
25
25
30
30
9
9
48
44
42
42
42
42
42
9
12
12
12
36
36
36
36
36
14
14
28
28
28
3
23
14
14
28
19
19
20
20
20
20
20
23
23
23
23
23
23
34
34
12
47
18
39
39
7
7
7
7
13
13
32
32
32
42
42
42
42
26
26
26
26
26
26
26
26
23
36
10
10
10
38
45
25
25
34
13
13
39
39
39
39
39
6
6
14
39
39
47
44
25
25
25
25
25
25
23
23
23
23
4
39
20
20
5
5
5
5
24
24
24
24
24
24
5
17
24
40
40
40
40
40
24
24
8
8
8
8
8
50
18
18
18
18
12
12
12
3
3
3
44
44
33
33
33
33
23
