10
31
31
19
28
28
28
28
28
41
9
9
27
27
10
9
9
41
28
28
28
39
23
11
11
20
20
20
20
20
20
49
46
46
43
43
43
43
43
13
13
41
41
41
41
41
41
9
9
13
13
13
13
39
39
39
47
47
49
19
19
19
19
19
19
3
3
3
30
5
5
50
50
33
33
12
12
12
12
12
12
12
12
12
16
30
42
27
35
5
14
14
29
29
11
11
49
49
49
49
49
28
28
28
28
28
4
4
4
4
4
4
4
19
19
19
16
16
16
16
12
9
9
38
19
33
33
33
49
49
49
49
49
10
10
38
13
13
49
2
2
2
44
25
25
8
37
36
31
31
31
14
49
39
42
37
39
50
50
50
50
50
50
10
10
3
3
3
3
3
3
7
47
8
7
21
21
21
21
17
17
45
45
28
28
5
30
3
49
49
49
49
49
49
49
49
8
8
8
8
8
8
