10
37
37
37
9
16
16
16
16
16
16
40
40
40
40
40
40
6
6
6
6
38
38
45
12
4
4
4
4
4
4
11
24
40
40
15
13
25
25
25
21
21
21
21
21
21
21
21
3
26
16
12
12
25
25
25
25
25
25
5
39
20
20
20
8
46
46
46
46
46
46
33
33
34
31
3
2
28
1
1
1
1
41
41
41
41
41
43
43
41
24
24
24
24
4
4
4
29
17
17
33
2
2
2
2
11
9
9
9
9
43
2
35
35
35
35
16
21
21
21
27
27
16
1
29
29
29
22
49
49
47
47
44
10
10
10
14
14
14
22
8
25
21
21
21
21
21
21
21
26
24
32
32
15
15
15
15
15
40
40
1
31
31
31
31
29
29
4
36
36
36
13
28
28
28
4
4
4
8
7
40
17
17
16
45
44
12
12
12
39
39
39
39
39
39
39
39
39
37
50
50
25
