49
49
27
45
37
37
37
37
37
37
36
36
36
8
28
28
44
23
23
31
31
31
31
50
50
34
34
32
23
23
23
37
28
28
35
13
13
4
48
48
48
22
22
22
36
36
36
36
49
49
49
49
49
13
13
23
23
23
40
40
26
6
42
42
16
3
1
41
28
28
24
30
46
46
46
46
46
31
50
50
50
50
1
1
1
1
24
24
24
24
24
27
15
40
13
13
13
13
13
24
24
43
20
39
39
47
47
47
24
24
27
26
26
4
4
4
4
4
37
37
37
35
34
34
34
34
34
34
34
36
28
43
43
26
26
26
26
26
31
31
5
38
25
42
10
10
10
10
42
42
42
35
35
25
35
35
34
16
39
39
38
22
22
22
37
16
16
16
33
30
29
23
13
47
47
46
1
35
35
35
39
3
50
23
17
17
10
22
22
22
22
33
42
42
42
1
2
26
24
45
45
44
