28
43
43
43
25
19
19
19
19
19
20
5
18
18
43
43
6
6
6
43
50
50
31
46
19
29
30
32
32
41
45
45
45
45
5
5
2
2
2
2
2
2
2
2
47
32
48
48
48
48
48
30
37
37
37
16
16
16
39
39
3
3
15
26
6
6
6
6
6
20
38
38
10
9
42
42
17
8
4
4
4
4
35
34
34
42
22
22
42
15
15
38
20
20
4
29
40
40
18
18
18
5
5
5
17
17
39
39
39
39
9
9
49
14
14
21
21
7
38
12
12
12
29
29
34
1
1
1
41
41
19
31
12
12
12
12
12
12
46
31
18
18
48
48
48
48
48
48
48
2
2
28
31
31
10
50
1
18
18
18
18
17
32
32
21
21
50
50
7
29
29
10
10
44
34
17
1
21
46
40
40
40
40
27
27
50
50
50
10
43
43
43
43
43
23
11
46
46
46
46
5
5
