17
17
22
22
22
27
39
39
14
14
14
14
14
14
23
23
49
39
39
39
39
18
34
26
26
15
15
6
10
32
42
42
42
42
12
12
21
21
21
21
44
15
45
45
42
49
43
45
45
6
45
11
11
35
35
35
26
26
5
5
9
9
26
26
5
46
8
8
8
8
8
23
23
27
27
46
43
11
25
25
25
25
25
2
7
19
14
14
14
14
14
14
34
2
2
43
9
25
25
25
21
21
21
21
34
34
34
34
15
49
42
39
5
45
23
23
17
17
17
34
34
25
39
19
38
38
38
34
34
7
7
7
7
35
24
13
38
38
38
48
27
38
38
38
38
43
43
8
8
48
48
5
5
41
41
47
47
47
47
47
47
47
47
47
9
9
17
17
17
17
10
10
10
10
2
50
50
18
23
23
23
12
12
12
12
39
13
13
13
13
13
13
38
38
38
44
44
44
44
50
50
50
