43
11
11
11
17
17
17
13
22
4
4
4
45
8
31
31
22
4
27
29
29
29
41
20
32
32
32
32
29
31
31
50
34
7
7
49
49
49
25
39
23
23
24
24
26
26
19
24
12
12
12
41
21
15
10
34
34
13
23
23
47
47
20
3
3
28
28
17
17
18
18
18
18
18
18
20
20
20
27
27
27
9
9
7
7
47
21
21
8
34
20
5
5
5
5
5
15
15
29
10
10
10
10
23
8
8
35
16
45
3
3
3
28
28
28
36
18
3
31
10
23
23
23
21
21
50
50
50
32
41
2
35
35
12
21
21
21
43
43
44
45
44
44
44
44
44
42
22
22
22
22
22
22
22
38
38
38
38
38
34
48
48
32
31
31
17
31
15
22
20
20
27
9
9
9
23
23
23
44
30
40
40
24
24
24
7
33
16
17
17
17
28
28
28
12
12
12
36
41
40
40
40
