23
39
39
37
40
49
46
46
8
8
8
20
20
3
3
38
38
47
18
38
12
8
45
45
45
45
46
19
44
1
1
4
40
8
8
8
8
6
6
28
33
33
37
35
3
3
47
41
41
41
41
41
41
5
46
35
38
38
38
13
13
46
33
16
32
32
32
26
26
26
38
17
17
34
34
29
29
29
19
2
21
42
38
38
38
38
38
38
14
14
14
8
41
41
41
41
30
3
3
13
28
35
35
16
45
30
30
30
34
34
34
34
1
14
2
2
1
1
7
7
7
7
7
7
7
15
15
15
3
3
3
25
17
17
17
21
21
33
4
50
25
33
32
32
32
8
15
32
7
33
33
28
8
17
17
17
35
35
14
8
8
8
12
4
22
43
43
43
25
26
38
38
38
38
38
38
23
23
31
29
11
11
25
25
25
25
25
25
46
29
29
29
50
50
50
49
25
9
5
5
17
35
