31
25
28
26
28
28
28
49
36
35
32
32
11
45
45
45
45
45
23
23
23
23
23
7
39
39
39
22
13
13
14
3
3
3
3
3
10
10
43
14
14
14
2
2
18
25
25
25
28
28
28
28
28
8
17
17
27
34
34
33
33
33
33
33
33
33
6
6
47
47
11
11
11
11
7
7
7
7
7
46
11
13
13
13
11
11
11
42
42
42
42
42
42
42
42
42
5
5
5
5
45
45
45
21
21
21
39
39
39
21
21
2
2
50
50
50
49
12
12
12
34
24
23
11
11
11
7
10
10
10
10
48
26
26
26
26
26
26
22
22
22
6
6
6
4
4
4
4
40
40
38
38
38
1
1
1
1
34
34
34
16
30
50
50
19
9
40
39
48
48
48
48
1
1
15
40
22
21
21
23
14
14
45
12
10
10
10
19
24
48
48
48
16
16
48
43
43
43
43
43
43
3
