6
6
42
47
47
47
50
50
50
50
17
37
12
35
35
35
18
23
23
23
23
37
37
37
37
9
47
28
28
28
28
28
28
28
28
20
20
50
50
50
50
50
50
44
48
12
30
30
35
35
35
46
45
45
45
21
20
48
48
48
48
11
32
32
40
23
23
23
4
15
27
50
20
34
6
6
6
23
24
10
10
10
9
9
9
25
25
2
37
37
17
17
24
24
49
49
49
42
42
24
24
24
16
16
16
34
29
29
9
20
22
22
46
46
6
44
44
44
48
48
48
48
48
48
48
4
14
33
33
33
1
1
5
22
22
22
22
22
22
22
1
1
1
1
33
33
34
49
49
8
48
48
48
26
26
26
26
26
3
19
22
47
47
28
28
40
40
27
27
19
19
19
34
34
34
34
39
38
38
38
38
36
8
25
37
36
2
2
20
20
20
15
15
10
10
10
10
10
10
10
10
11
