37
43
43
34
34
34
34
34
30
45
45
45
8
43
43
35
35
40
42
42
42
42
33
33
13
13
25
49
49
11
6
6
6
6
6
6
6
40
36
26
26
18
18
11
31
18
18
18
18
18
18
25
25
25
13
39
29
29
22
22
11
47
6
4
4
4
45
45
28
3
19
19
19
19
26
26
25
25
25
26
24
24
24
8
1
7
41
41
41
41
41
41
41
39
39
18
18
18
18
32
32
32
32
11
11
11
45
21
21
2
2
3
3
3
3
2
2
39
14
14
14
22
7
50
43
43
34
46
23
23
23
23
23
25
2
30
48
6
39
39
42
2
49
5
5
5
5
12
12
23
17
17
17
20
12
30
30
30
30
30
42
42
10
7
7
7
28
28
28
19
19
19
23
20
20
45
15
15
15
50
50
50
46
46
17
17
31
14
5
5
5
5
5
5
5
29
34
43
43
43
42
4
