23
36
36
27
26
46
46
46
46
20
39
39
39
39
8
8
8
30
30
30
39
47
10
10
34
46
46
20
20
20
12
12
16
17
9
20
24
24
26
25
25
25
4
33
33
34
34
21
21
49
49
37
39
44
44
44
29
29
32
1
26
26
8
22
25
43
43
43
43
12
48
48
28
7
7
37
37
41
43
43
44
38
1
30
49
49
35
35
35
33
33
6
35
35
3
3
3
5
5
48
48
48
48
6
26
28
26
26
39
39
39
39
39
9
1
1
5
5
5
38
38
24
24
24
24
24
41
41
41
41
30
30
30
28
5
5
50
8
8
8
8
29
20
40
42
42
42
24
24
20
20
20
20
20
20
20
20
20
25
14
14
14
14
14
14
14
14
14
14
14
14
14
14
14
46
46
46
13
13
23
23
23
23
23
23
23
40
3
3
26
26
26
32
32
26
42
42
5
42
42
8
40
