10
50
50
50
50
9
9
2
28
17
17
17
17
7
31
31
31
40
32
36
6
6
19
19
19
19
16
14
50
50
50
50
29
29
29
9
15
11
15
15
15
11
37
37
18
24
24
18
12
42
31
16
41
47
45
45
45
37
10
46
24
24
34
25
34
22
22
22
42
42
42
10
41
41
31
31
31
13
13
9
9
9
9
9
8
8
16
16
16
16
46
46
32
42
18
21
21
19
8
10
10
10
10
10
2
3
3
3
3
3
3
33
41
41
43
43
31
31
31
24
24
45
45
45
45
45
29
29
6
4
4
50
50
38
38
15
15
10
47
48
5
5
36
36
36
36
41
45
45
3
35
21
21
7
3
5
20
20
20
5
44
10
10
10
10
10
10
10
10
25
9
9
9
42
32
38
38
38
38
38
26
26
37
37
37
37
37
37
20
20
48
48
48
7
24
8
8
8
35
39
39
21
