48
16
25
25
25
1
3
3
38
38
45
45
45
45
45
45
45
12
12
12
22
22
50
50
50
25
25
45
15
1
1
47
47
47
47
40
37
37
1
36
36
22
25
46
35
9
31
31
9
9
9
46
46
43
18
26
15
37
37
1
1
1
1
1
1
44
44
27
27
27
46
17
17
17
17
17
19
19
23
25
34
30
30
30
30
30
34
34
34
34
10
10
10
18
18
18
18
9
33
33
33
11
11
11
5
5
5
39
39
39
39
49
49
40
40
43
43
41
41
36
21
21
28
48
30
9
9
9
9
26
26
26
26
11
11
11
11
7
35
35
35
35
14
14
35
35
35
35
33
33
33
18
49
49
49
49
23
23
23
23
1
13
13
13
13
3
3
3
23
11
11
11
38
38
27
38
38
38
2
2
4
4
40
40
40
14
17
17
43
43
31
31
43
43
43
44
19
19
19
19
30
13
