24
24
50
50
2
2
9
9
9
9
9
38
38
35
8
8
7
7
7
28
16
40
50
4
12
12
12
30
26
26
8
7
7
25
36
8
34
34
33
35
6
6
6
6
33
24
24
24
28
19
40
40
33
33
33
33
33
33
33
48
29
29
29
29
29
29
29
29
46
16
16
33
33
33
7
15
15
2
32
23
23
45
45
46
46
46
46
44
44
50
20
20
20
20
20
31
24
24
26
26
47
47
47
26
45
45
45
46
46
46
48
48
48
48
50
50
13
15
15
49
49
49
49
8
14
14
14
14
25
10
10
47
47
4
3
30
50
50
50
50
50
50
26
26
5
5
26
26
36
4
4
13
20
20
20
20
20
38
41
36
36
36
36
15
50
21
27
27
34
34
28
28
23
23
23
23
10
35
35
35
35
24
24
24
24
23
23
45
45
45
45
35
35
35
45
45
24
27
31
33
13
47
