45
45
45
45
45
45
26
26
5
17
34
34
46
44
12
8
8
8
1
16
22
36
49
41
41
39
31
31
46
27
27
27
46
34
34
44
44
14
17
18
18
32
23
16
16
16
4
34
34
40
40
40
40
13
13
50
19
19
19
19
19
12
44
44
44
44
8
1
1
40
25
25
25
25
24
24
24
24
24
24
24
24
24
14
14
50
49
49
11
11
20
4
4
4
24
11
34
34
34
22
8
8
8
8
8
8
8
5
43
43
43
8
28
28
28
38
49
11
11
11
11
11
11
11
42
43
43
43
33
43
28
28
18
6
37
37
37
37
43
43
1
21
21
21
21
39
39
26
26
11
46
46
15
15
24
24
24
35
28
28
28
46
11
11
43
20
44
44
44
44
17
17
27
27
27
27
27
4
9
9
41
41
41
41
36
33
21
38
38
35
35
35
35
35
19
19
19
19
19
19
19
25
