50
50
50
50
50
50
14
16
41
18
18
9
13
17
23
23
23
1
1
1
1
1
9
9
47
47
22
8
8
8
4
29
29
42
29
29
9
15
3
15
12
20
20
12
23
14
50
50
50
50
48
48
1
14
10
41
46
25
25
25
48
20
13
9
39
37
37
7
49
49
49
49
33
33
4
4
15
1
47
8
36
36
19
19
33
15
15
15
7
21
26
8
17
17
17
43
43
1
1
1
1
1
1
1
1
1
29
34
34
32
32
5
28
11
8
49
47
47
47
3
3
34
9
16
16
16
12
1
24
24
24
17
31
31
31
21
21
19
19
19
37
8
17
17
17
3
47
6
6
28
34
34
16
9
31
45
19
19
45
37
37
1
1
8
8
8
8
8
13
13
13
13
27
27
27
22
4
4
4
4
4
16
16
16
16
21
21
8
20
20
20
20
20
20
48
16
16
32
40
3
21
21
