13
43
11
11
11
8
8
20
14
14
14
14
14
36
27
21
21
19
19
19
17
4
37
43
28
28
24
24
24
24
40
40
42
16
25
25
4
4
4
4
27
36
29
29
29
14
40
25
25
37
37
37
44
44
44
8
33
33
25
25
20
4
4
4
4
32
32
39
39
39
35
35
46
46
46
27
44
44
44
44
44
44
4
4
37
37
37
37
47
47
27
27
27
36
49
48
48
48
48
8
8
8
8
29
30
2
30
8
8
42
42
21
24
24
48
48
16
16
16
16
16
16
16
22
28
31
31
31
10
10
22
22
22
22
22
14
20
20
20
20
4
43
43
43
1
21
48
6
34
34
34
44
44
10
10
10
50
29
29
38
38
11
11
11
11
31
31
31
31
22
22
22
22
14
43
3
3
19
16
16
16
28
28
28
28
28
46
34
34
41
41
27
27
27
43
43
39
39
39
37
42
42
