3
3
30
30
30
30
30
30
30
11
11
11
11
11
8
7
36
24
24
24
6
23
23
23
23
23
7
32
13
46
46
13
37
33
1
1
8
8
22
15
17
7
38
38
38
38
38
38
38
38
38
38
45
7
26
26
45
31
31
36
36
36
22
27
11
11
24
6
6
6
24
19
10
41
41
45
45
45
45
45
45
45
45
45
45
20
20
8
34
34
34
34
6
6
4
4
4
44
44
33
33
33
33
37
48
22
22
22
35
1
1
44
42
42
42
10
10
9
3
21
21
41
41
27
9
9
4
4
7
7
30
30
30
46
46
46
46
46
49
12
12
39
19
35
35
22
22
22
12
6
29
29
17
17
14
22
14
14
11
11
15
41
50
6
41
27
27
27
3
45
45
45
7
7
7
7
7
7
25
42
38
37
37
40
40
40
26
14
44
17
38
38
38
38
38
32
32
17
17
17
17
17
