49
32
6
42
42
37
42
33
33
36
36
36
36
17
17
17
17
16
16
39
39
39
39
39
39
39
45
24
48
50
49
41
41
41
16
14
46
41
41
41
41
43
43
43
37
37
37
25
49
49
49
29
32
33
3
41
1
1
1
18
6
6
6
7
7
7
5
5
5
5
32
32
12
12
37
12
48
48
48
48
23
23
23
9
9
18
28
28
28
28
22
22
38
38
23
42
42
16
16
16
46
46
29
29
29
29
18
18
6
6
6
6
3
37
37
37
19
19
19
19
19
10
22
15
15
43
28
18
43
43
47
47
47
47
47
50
32
22
38
38
29
29
35
11
41
41
26
44
6
47
32
32
14
43
28
28
28
19
19
19
49
33
33
33
33
33
30
30
30
30
34
44
44
44
44
44
27
40
40
5
5
43
22
22
26
49
30
41
41
38
36
42
42
43
36
41
41
19
24
32
32
29
