37
37
9
9
9
9
22
22
22
15
16
16
16
27
18
23
23
14
18
18
20
20
20
22
22
22
41
25
25
36
15
15
11
20
20
20
20
20
17
40
40
40
31
37
37
20
20
38
38
9
32
6
36
36
36
36
36
5
16
16
12
6
6
6
6
44
25
29
29
29
29
29
29
29
12
12
12
20
20
20
20
47
26
26
37
47
39
36
10
10
10
3
3
17
29
29
48
48
33
33
20
20
20
27
27
9
9
9
9
48
48
48
48
16
30
30
30
24
24
24
24
24
1
1
31
32
32
32
32
32
2
18
18
18
18
6
6
34
11
1
12
7
1
3
3
44
44
44
10
10
10
10
10
10
10
10
50
50
11
11
30
41
6
32
2
50
37
37
37
37
37
37
37
37
37
7
7
12
12
16
16
16
16
4
4
4
4
4
44
37
39
25
25
44
32
32
23
36
36
37
37
13
