5
28
14
2
21
8
8
30
30
12
12
12
45
45
26
35
35
8
46
45
45
45
21
21
21
6
6
43
43
16
16
20
20
43
40
40
40
42
42
17
17
17
17
45
11
2
34
28
13
1
1
5
5
9
9
43
45
16
46
2
2
2
2
45
45
28
28
28
28
28
18
18
35
35
35
35
35
35
19
30
6
15
7
1
25
17
17
17
17
37
23
23
3
3
12
12
24
18
18
17
17
17
1
4
4
4
4
12
21
22
17
17
16
16
36
6
18
18
40
50
39
47
47
3
4
15
6
6
18
18
18
31
30
30
1
1
1
46
11
34
34
34
10
10
10
10
10
15
15
15
15
15
7
21
21
2
46
44
32
32
40
40
40
23
16
32
32
28
41
41
46
46
46
36
39
39
42
17
33
48
29
36
11
13
13
13
15
15
15
40
33
33
33
31
31
25
25
25
42
42
42
38
