36
36
6
6
5
5
5
5
27
27
27
27
41
41
41
41
35
5
5
5
5
5
27
27
7
7
40
22
50
4
27
27
27
25
10
5
34
34
46
46
46
27
14
14
14
47
47
47
9
27
5
5
32
32
32
20
28
40
13
13
13
13
13
21
23
23
23
6
43
43
43
43
45
45
45
7
7
16
33
33
36
4
36
8
14
20
27
27
4
10
10
12
19
19
19
5
46
14
4
10
10
10
10
10
29
20
18
18
12
18
21
21
18
18
18
18
28
8
8
22
22
28
28
40
39
37
37
43
43
43
28
28
28
28
2
30
30
13
13
43
1
10
10
36
48
48
29
29
43
38
29
49
43
39
39
23
13
18
42
42
2
39
39
42
9
9
37
28
28
28
22
22
34
34
11
11
35
21
28
28
48
48
39
39
39
46
41
41
41
6
6
6
6
42
42
49
49
22
22
22
22
48
