23
27
27
44
37
12
12
14
6
6
32
32
1
1
1
1
1
1
1
34
38
41
9
9
33
33
33
33
28
28
14
14
32
47
47
40
40
37
31
33
33
7
7
7
40
34
43
43
43
43
24
36
36
13
13
21
21
6
6
6
39
39
39
44
33
16
16
16
17
17
42
42
42
42
42
31
31
33
33
33
7
26
18
37
27
27
20
26
26
26
11
11
40
40
40
36
50
21
21
21
33
29
29
29
41
41
25
25
2
2
2
46
14
14
15
6
39
39
39
23
23
15
25
17
5
5
39
38
7
38
40
23
13
26
8
8
8
38
24
39
34
34
23
18
10
46
28
16
34
12
41
32
26
34
34
44
44
10
10
10
18
18
18
10
10
10
10
10
10
44
10
24
24
24
5
5
5
21
36
22
25
25
27
27
9
45
45
45
45
45
45
45
41
41
41
41
41
41
31
11
23
23
