28
28
28
26
26
26
32
1
1
1
36
36
36
36
21
21
21
46
46
46
41
45
45
45
45
45
45
45
45
27
27
27
11
11
23
38
38
38
38
26
26
45
45
45
45
45
45
50
9
7
7
7
7
7
2
2
42
42
32
29
29
29
29
29
29
49
1
3
39
39
39
19
37
36
4
4
4
4
4
10
44
21
21
21
23
27
27
27
4
5
5
3
3
3
34
34
34
30
25
25
25
28
28
12
12
12
12
12
12
12
3
2
2
29
29
29
45
38
48
48
40
40
41
41
34
45
45
45
45
2
19
49
1
13
19
19
17
17
17
17
49
49
49
49
23
23
23
34
34
34
34
4
2
2
2
38
19
4
28
28
13
12
12
37
34
34
11
12
12
3
3
11
11
11
11
41
7
7
13
34
34
49
49
2
28
40
40
40
40
40
22
22
39
31
13
13
13
19
10
10
10
41
