45
45
45
45
45
33
33
20
5
5
39
39
39
15
22
22
44
28
43
43
9
48
48
48
48
45
27
27
15
48
16
1
36
33
33
33
33
6
6
6
33
33
26
21
21
21
21
21
21
48
48
41
49
9
18
2
2
2
2
2
29
29
29
29
29
29
29
5
13
49
20
20
2
2
6
29
29
29
26
26
36
36
36
43
29
29
19
32
17
17
20
35
35
35
45
45
45
29
49
49
49
38
38
43
43
22
22
22
12
12
12
12
12
29
20
20
20
20
20
20
40
24
24
24
24
32
49
6
6
6
6
7
10
10
19
19
14
14
14
14
14
27
27
27
27
43
16
18
2
33
33
33
23
23
40
40
40
41
18
18
25
25
13
13
41
41
32
21
23
1
48
48
42
42
42
42
2
2
2
14
43
5
5
5
31
31
41
31
31
31
31
48
48
1
40
40
40
40
44
44
44
44
