42
42
31
12
40
40
40
40
19
21
21
21
50
13
13
13
13
13
14
22
50
50
45
29
8
8
50
12
12
9
48
5
16
16
16
16
48
48
48
48
48
48
48
48
48
48
41
2
2
2
30
20
18
18
24
24
24
36
25
50
35
35
35
33
33
33
8
13
13
13
13
13
13
13
28
16
31
31
31
5
5
5
5
5
21
10
18
18
4
22
22
22
33
19
45
45
25
25
25
5
47
39
39
34
29
12
40
39
39
39
39
38
35
35
35
11
27
27
27
9
9
9
9
9
38
9
9
15
15
6
38
23
35
35
8
49
6
31
31
34
14
14
14
40
40
32
15
15
15
30
30
30
28
27
7
7
3
46
46
43
4
32
7
7
7
7
7
7
27
45
30
39
39
39
40
40
40
18
14
14
14
46
46
46
46
46
46
10
10
24
24
24
39
46
27
47
47
47
47
36
36
44
