50
45
35
14
14
42
42
42
18
46
46
46
46
46
46
24
24
24
7
7
27
13
10
30
30
50
1
1
1
1
6
1
1
13
43
39
39
20
22
22
22
39
18
18
18
18
1
25
31
31
6
6
6
6
6
6
6
6
6
6
26
26
26
50
25
25
34
34
34
34
34
4
4
4
4
4
7
44
42
42
42
23
38
5
32
9
18
14
22
10
10
10
10
10
10
10
24
49
11
11
3
43
43
43
44
12
2
14
2
15
38
37
37
37
36
33
33
33
33
33
6
14
5
5
5
50
25
43
30
48
48
50
16
25
24
18
18
29
14
14
11
40
40
40
40
4
4
6
44
42
9
9
9
17
43
24
29
13
18
47
38
50
14
37
10
10
10
10
6
6
25
25
22
22
22
22
22
22
25
49
49
49
3
21
21
21
21
39
39
39
39
29
24
19
19
34
34
13
13
13
13
44
