9
11
8
8
8
8
8
14
14
14
14
14
9
9
9
3
3
3
3
3
42
42
12
12
12
38
38
37
30
30
30
8
18
16
16
46
39
39
32
32
14
24
16
16
16
46
46
27
27
27
27
27
27
27
27
27
27
19
19
19
19
19
13
12
12
31
31
38
38
38
38
38
38
23
23
23
33
41
15
15
15
24
24
24
28
28
16
44
48
47
3
3
28
23
41
46
32
1
42
42
47
47
47
38
38
38
38
38
38
38
19
19
19
19
37
37
37
37
37
37
37
37
1
44
15
9
9
9
21
24
24
24
45
20
12
15
1
1
1
2
44
35
35
6
42
42
42
7
7
7
7
12
12
27
27
27
30
30
36
36
36
36
36
24
24
24
38
46
46
46
46
46
46
46
46
46
30
3
44
44
44
35
35
44
6
6
13
44
44
44
24
24
24
24
24
44
41
18
48
27
16
16
