7
7
7
33
33
1
1
1
47
50
50
15
17
17
8
35
34
32
25
25
25
25
25
25
25
25
30
30
15
9
17
15
14
38
24
24
17
17
7
23
40
40
1
1
43
23
1
24
24
7
16
16
48
37
37
37
16
16
22
22
31
31
31
31
36
47
47
47
21
29
29
32
32
32
14
14
14
14
14
24
5
5
5
5
6
6
21
21
21
3
11
10
29
29
29
29
29
36
36
36
49
49
18
18
18
4
30
30
30
34
34
9
9
28
48
48
26
6
5
25
17
17
38
48
48
48
27
27
14
14
14
9
9
22
27
12
29
29
29
44
44
44
48
48
48
21
21
21
18
18
24
2
2
2
35
35
33
30
30
28
28
10
10
23
26
47
47
47
44
4
23
23
31
31
31
2
5
9
9
1
1
24
24
37
47
19
4
27
27
27
27
27
27
7
7
7
15
38
38
38
34
34
