47
47
6
6
6
45
2
2
10
10
10
35
10
10
18
18
16
33
40
40
40
40
8
44
44
44
44
19
19
19
19
19
38
21
37
37
47
47
47
49
49
49
49
21
21
16
16
16
16
17
41
13
13
44
4
4
40
46
46
46
46
30
38
38
34
34
25
25
36
27
9
48
22
22
38
40
40
40
40
36
26
26
26
26
39
39
39
8
42
42
25
34
34
24
32
32
10
6
6
10
27
27
27
10
12
27
41
33
33
45
45
33
40
18
49
26
32
28
17
17
25
25
12
12
12
12
12
37
23
23
23
35
35
35
35
28
28
42
42
28
28
29
29
29
29
41
41
41
41
12
12
2
32
32
5
5
5
5
5
9
9
11
11
39
39
39
39
36
36
36
18
18
18
18
38
47
4
20
31
47
47
1
1
1
27
27
41
41
37
35
6
43
35
33
23
33
26
7
7
43
43
43
