8
6
24
30
30
47
44
44
44
44
44
44
44
44
44
13
27
30
15
35
43
43
43
15
15
35
4
4
27
18
18
18
18
18
18
18
18
18
38
38
8
42
14
14
4
4
4
43
43
20
27
9
9
9
25
25
25
25
3
46
2
23
20
20
2
44
44
44
43
43
43
43
43
43
43
43
43
34
34
7
7
7
20
20
20
12
49
49
6
6
6
6
27
27
15
15
15
31
13
50
50
29
29
29
8
8
8
8
8
8
27
37
37
33
27
27
10
10
10
9
43
38
38
38
35
27
27
34
37
34
34
34
40
26
3
3
3
16
37
24
48
23
33
33
33
33
10
43
43
43
13
39
14
14
29
35
35
11
27
27
29
37
37
45
5
31
31
31
39
39
30
30
10
33
33
33
33
20
38
38
38
38
7
25
25
4
4
29
5
5
14
14
14
16
16
12
11
11
10
10
31
31
