6
5
7
7
45
35
35
35
35
32
32
32
21
8
1
10
10
3
3
12
46
50
18
18
18
17
20
2
6
6
9
33
33
33
33
40
12
14
14
14
33
48
48
4
50
50
41
41
41
5
5
18
32
32
25
34
50
8
8
8
8
8
8
8
8
27
1
14
21
21
21
50
50
50
50
41
41
6
13
12
21
21
42
42
29
29
43
33
33
21
47
10
19
30
29
29
25
14
14
41
38
32
44
31
31
31
31
31
19
19
13
13
16
16
42
42
7
7
13
13
1
1
19
5
5
5
5
5
50
6
6
21
13
13
13
17
21
4
4
4
4
45
46
46
46
46
46
46
44
44
43
30
12
12
42
15
15
15
5
15
15
29
40
47
5
32
15
49
13
13
13
13
13
13
13
30
30
17
31
27
27
38
29
45
34
34
34
4
4
4
11
38
11
22
22
22
22
14
12
12
12
12
