6
35
35
35
35
35
35
35
35
35
35
35
35
35
1
1
1
18
18
16
48
48
48
34
46
19
19
19
14
14
20
10
10
10
10
10
18
18
18
18
43
43
43
43
29
29
39
50
50
15
15
15
12
12
3
49
31
14
41
50
50
50
9
31
20
20
3
3
3
3
3
3
3
7
7
7
7
7
7
6
31
26
26
26
26
26
26
26
1
1
28
40
8
13
41
32
25
5
5
24
21
17
17
31
15
26
26
26
6
13
9
28
37
37
24
49
49
20
26
33
20
20
35
35
12
38
3
7
36
36
39
46
14
43
43
36
36
3
44
20
20
20
46
8
8
8
10
10
10
10
4
1
1
1
1
34
34
34
34
34
34
34
34
6
6
2
2
40
37
13
24
24
31
47
30
30
6
23
32
3
44
44
44
41
8
22
22
22
22
22
35
13
13
13
27
27
25
25
25
39
41
41
