46
2
39
39
39
39
10
10
46
46
47
9
9
2
30
30
14
10
2
2
2
2
9
9
35
35
38
38
38
2
16
16
24
24
24
24
24
24
24
24
24
14
32
45
45
31
3
3
37
11
15
15
16
42
38
38
28
28
31
29
23
23
38
38
47
47
6
6
12
12
16
16
16
16
16
18
18
18
18
18
37
37
16
16
16
4
4
13
13
13
13
13
13
46
4
42
42
42
10
10
10
40
40
11
4
33
33
33
33
37
37
37
11
19
25
42
43
43
1
22
22
22
48
48
48
48
48
37
25
25
24
24
24
24
24
24
29
5
30
50
50
36
43
43
43
43
43
43
43
43
2
2
2
8
24
21
7
7
7
28
3
3
3
3
48
48
48
19
26
26
44
27
27
18
4
41
41
41
41
41
41
41
41
4
4
4
4
4
9
21
21
9
29
29
29
44
43
33
46
46
10
10
