12
12
12
12
12
50
50
21
38
33
33
33
33
33
33
20
2
42
29
20
18
18
18
6
6
6
6
6
6
25
7
11
11
12
36
2
2
5
33
33
33
33
33
33
33
33
15
13
18
18
18
33
28
2
2
2
2
17
17
17
17
12
12
48
14
14
14
14
34
34
40
40
40
1
24
42
9
9
20
20
24
1
1
1
25
25
25
46
46
26
38
38
38
3
3
3
15
16
40
43
5
35
35
5
3
27
34
34
12
12
12
43
4
33
40
36
36
27
27
10
10
10
47
47
48
15
15
15
15
15
15
30
19
16
16
16
16
16
16
16
16
48
42
15
26
26
26
50
50
50
50
18
18
18
45
45
37
37
11
11
11
11
11
11
49
35
35
35
31
31
31
31
46
33
33
33
33
22
22
16
16
16
16
39
1
1
46
20
38
38
38
50
50
9
4
29
46
34
34
34
48
48
