9
9
24
50
50
50
10
6
6
6
8
24
24
24
24
24
41
21
21
36
47
35
35
35
35
35
35
48
48
48
48
48
25
42
45
12
47
13
13
48
48
36
36
47
48
42
42
42
42
42
22
22
22
37
37
37
37
37
37
49
49
49
49
49
49
48
30
45
45
43
43
9
42
42
42
19
33
33
30
41
41
12
13
24
24
22
22
22
9
9
9
13
38
38
38
38
33
21
48
21
21
21
18
18
14
21
2
44
44
44
44
44
3
3
3
37
29
20
20
20
9
9
9
9
45
45
43
50
50
50
17
17
36
18
18
18
28
28
30
34
34
34
34
34
34
34
26
26
9
9
19
19
15
18
18
18
18
10
48
39
3
37
14
25
6
48
36
36
36
36
36
14
28
28
13
47
1
1
1
33
33
33
36
36
36
36
26
26
3
3
3
8
8
8
3
3
3
3
20
20
20
29
