44
21
48
36
20
3
3
3
25
36
18
18
18
18
18
18
18
6
6
6
32
32
38
38
38
29
2
2
25
25
25
31
31
40
40
40
40
49
44
13
13
46
46
46
46
42
41
41
41
30
30
30
30
30
30
15
15
15
15
27
12
38
38
6
6
43
38
39
39
19
48
38
17
17
17
42
42
42
42
42
42
1
36
36
36
36
24
36
6
1
1
18
18
18
39
39
44
44
44
44
44
47
3
3
3
3
3
3
3
3
44
44
44
44
44
44
44
44
44
18
10
35
33
33
33
33
11
11
11
11
11
33
33
41
14
24
24
34
14
13
7
7
7
49
49
49
49
49
49
28
28
28
28
28
18
18
4
4
4
28
28
28
20
20
25
47
15
15
15
50
50
50
50
3
32
32
32
15
15
15
20
20
1
25
43
43
43
49
49
49
49
3
40
8
8
48
48
48
13
13
21
21
