20
20
20
41
41
41
16
5
5
39
41
41
41
41
7
4
4
48
48
4
26
6
6
6
6
49
49
40
34
27
28
49
39
25
3
20
9
14
41
41
43
20
20
8
33
50
1
1
21
48
5
49
49
49
10
10
48
48
38
38
29
37
1
31
15
15
15
33
33
33
25
25
25
31
31
48
37
11
36
44
44
44
46
24
24
26
21
35
35
50
50
24
24
24
24
21
21
21
50
50
50
50
16
35
35
35
5
36
8
8
16
16
44
44
44
39
38
25
25
4
4
35
26
26
4
27
27
27
12
12
12
12
19
19
19
27
27
37
37
37
37
37
37
37
21
21
11
11
36
12
12
35
11
20
46
46
46
46
46
2
2
2
41
6
32
8
8
31
31
23
23
12
2
24
13
13
44
44
44
44
44
44
32
32
32
32
44
25
27
44
29
20
20
47
16
16
41
16
16
49
49
23
