13
13
13
13
12
49
40
40
40
13
33
37
37
37
37
28
29
29
36
36
36
14
14
32
30
30
30
30
50
20
37
37
37
37
5
32
32
32
32
32
20
7
7
35
17
17
45
45
45
45
41
41
41
41
9
18
18
18
18
45
45
45
45
45
2
2
1
42
42
42
42
42
42
50
48
48
48
10
29
29
45
45
45
17
24
14
43
33
27
25
25
8
8
10
10
10
49
36
24
7
10
10
10
19
19
19
10
12
21
39
39
39
39
39
37
27
12
12
12
12
12
12
37
41
41
19
48
48
48
48
1
1
1
1
11
37
8
8
8
8
39
9
9
9
9
31
6
46
46
46
46
46
14
36
16
16
34
34
34
34
34
31
31
38
38
38
38
44
45
45
45
16
6
6
6
28
12
12
12
48
23
32
32
32
32
16
16
16
16
36
25
26
26
6
6
3
3
10
10
49
49
49
