2
3
3
3
6
43
43
43
43
43
43
43
43
43
43
12
19
34
35
35
25
25
4
16
35
35
35
4
24
24
19
9
9
15
15
15
49
49
49
40
40
40
40
40
16
16
37
4
4
4
4
4
4
18
18
18
18
18
9
9
9
15
15
15
15
9
9
17
17
25
12
12
35
35
15
15
11
9
9
50
50
50
32
23
23
23
8
12
5
5
41
44
44
44
30
4
12
46
46
32
32
12
23
40
40
17
17
17
17
22
22
22
22
34
34
50
50
6
26
1
1
1
1
19
19
19
19
19
17
41
41
45
45
30
30
32
17
17
12
12
12
12
45
45
8
47
47
10
10
10
10
10
7
7
39
30
30
29
29
43
32
39
39
39
36
36
6
6
10
10
10
10
30
28
28
28
3
3
43
43
43
43
43
19
19
19
42
42
42
45
48
28
28
28
10
27
27
27
21
23
23
16
