18
28
28
12
33
33
32
40
40
40
2
2
2
35
34
34
5
5
32
32
13
13
36
23
28
28
28
28
28
28
45
19
33
10
34
8
4
4
4
4
26
26
50
50
50
50
16
16
16
26
26
49
19
19
19
19
19
24
24
35
35
35
35
35
29
7
7
20
20
46
13
13
13
13
15
45
45
31
30
30
30
30
5
25
4
31
8
47
28
31
48
48
27
33
33
10
49
38
37
47
47
47
48
41
41
41
41
33
33
42
42
7
14
22
50
32
28
28
18
20
42
36
36
8
26
30
30
14
46
48
17
14
14
14
14
35
31
38
6
6
46
20
36
36
22
22
44
39
39
39
47
3
3
3
3
45
17
17
17
48
31
16
25
25
25
25
25
25
5
5
27
27
30
30
30
50
50
50
50
1
1
25
25
25
16
46
46
46
23
45
45
45
15
8
50
50
31
45
45
28
28
28
