44
24
46
46
46
46
26
7
7
9
49
49
36
36
36
36
36
21
33
33
37
6
6
21
21
7
7
1
1
30
30
7
44
44
44
44
49
49
26
30
30
30
30
30
7
28
2
2
33
33
33
33
33
33
33
33
42
49
49
49
1
46
46
46
46
42
42
42
49
37
49
49
18
18
49
49
49
49
49
49
44
39
24
24
14
14
21
21
13
42
22
22
36
36
44
44
44
46
49
48
6
6
10
10
41
41
41
41
33
33
39
1
1
46
46
46
33
33
2
2
42
42
42
42
42
42
42
42
42
42
42
39
49
49
46
46
46
9
9
11
11
11
11
36
36
36
41
10
41
41
41
36
48
48
48
22
21
21
21
7
7
7
26
26
26
26
28
28
28
28
35
35
35
35
28
39
39
39
39
39
39
46
46
36
36
24
24
24
24
21
21
33
33
37
37
26
26
17
30
30
30
30
