30
30
30
38
21
21
21
39
39
39
39
31
31
6
7
21
3
3
3
3
3
3
18
4
4
4
16
16
26
26
47
47
15
26
3
3
46
46
37
37
43
34
34
34
34
34
34
11
44
2
2
10
10
10
10
10
10
10
19
19
19
19
4
4
4
4
28
24
24
24
46
9
9
9
46
46
5
5
5
29
37
37
29
10
10
41
41
41
41
41
24
17
5
5
27
41
41
24
24
24
39
44
35
35
25
25
25
25
25
25
15
15
48
27
27
26
26
26
26
12
21
33
4
48
48
48
19
19
26
26
26
44
43
14
6
6
6
6
6
41
19
32
50
50
50
3
11
11
11
11
1
1
45
28
38
5
29
42
42
42
2
2
2
30
37
37
37
37
8
6
45
45
45
45
45
45
29
16
16
16
16
16
16
17
17
49
43
43
39
39
47
47
47
47
47
5
27
12
12
12
47
30
