31
31
31
42
30
30
41
41
14
14
37
23
23
23
47
47
47
12
12
12
12
50
50
3
3
3
3
3
45
45
17
48
48
7
7
48
48
48
48
48
5
5
4
24
24
49
41
41
41
11
21
21
21
21
17
38
38
42
42
40
40
40
40
40
37
28
28
28
12
13
20
20
28
8
8
33
12
12
12
29
22
22
22
22
14
14
14
11
7
9
9
9
9
11
45
5
35
35
30
39
15
39
15
26
26
5
5
5
5
5
5
5
5
29
29
11
11
47
9
9
17
3
3
30
33
33
41
41
46
46
11
11
16
16
20
20
15
15
15
15
15
15
36
36
36
36
39
39
3
49
49
9
48
48
48
48
48
48
13
13
3
3
9
36
36
14
14
14
14
14
22
33
33
33
9
9
9
9
9
9
18
10
10
33
38
38
45
45
11
11
11
11
11
7
17
47
47
47
4
4
4
36
