3
3
3
3
2
2
39
39
19
19
19
33
33
49
38
38
33
26
48
48
28
30
30
37
13
5
5
30
30
30
1
49
4
8
8
10
10
10
49
49
49
22
22
22
31
31
31
45
40
40
40
40
26
37
37
49
49
39
26
26
26
21
9
9
42
42
24
24
44
44
17
3
31
31
31
21
44
44
5
5
3
3
39
9
9
11
11
11
11
11
23
23
23
23
23
42
42
38
38
38
17
10
43
43
43
15
16
16
16
16
16
49
23
8
8
8
38
12
12
12
37
37
19
35
35
31
40
40
1
19
48
48
27
16
36
48
48
33
33
31
11
6
47
16
16
16
14
41
8
50
50
50
8
8
3
3
12
12
12
12
12
26
26
26
18
18
38
2
2
2
20
20
25
25
7
7
7
7
7
7
7
5
33
33
10
25
40
40
40
6
6
17
34
5
41
41
33
4
27
27
27
27
