41
41
14
14
14
8
8
14
14
39
40
32
32
32
32
28
28
28
41
38
8
8
50
2
2
44
13
13
13
13
17
17
29
29
29
20
20
20
20
20
36
46
46
40
40
25
32
32
47
45
45
45
33
33
44
37
37
44
44
31
4
4
4
9
6
23
20
20
20
20
10
10
46
7
7
39
39
49
3
3
3
3
34
4
22
18
30
49
6
46
47
12
12
39
25
6
6
6
43
43
8
8
8
8
49
19
17
44
49
49
49
49
49
43
42
42
23
23
37
49
49
49
49
50
50
25
25
9
9
9
11
26
26
26
26
19
18
18
30
30
36
36
48
11
11
11
22
15
33
25
25
37
15
46
35
44
10
26
4
18
35
35
35
35
19
19
19
19
19
41
41
41
41
45
45
45
24
24
21
11
11
11
33
16
16
44
44
26
26
26
26
26
26
29
41
28
9
42
42
42
42
43
