20
20
20
14
14
14
14
14
14
14
14
45
25
2
10
10
10
10
10
13
29
50
5
5
5
22
22
22
4
9
1
1
8
50
50
50
12
49
17
9
28
8
32
47
47
47
47
6
6
46
45
45
20
38
20
20
20
20
20
20
37
37
37
37
14
38
38
38
38
21
43
43
32
17
31
31
9
9
9
9
33
33
41
41
18
18
10
10
10
10
23
30
30
31
18
38
27
27
27
38
38
38
24
24
49
20
42
1
46
7
7
7
31
31
46
29
43
34
34
34
16
16
16
16
16
3
9
9
9
9
23
23
23
23
39
39
39
39
39
34
34
4
43
43
24
24
6
4
4
4
4
4
4
4
27
38
38
40
40
40
40
40
35
21
21
16
16
1
39
29
30
30
22
22
22
22
22
48
48
48
48
48
48
45
45
45
14
45
20
20
36
42
42
25
49
49
9
9
5
5
30
30
