35
14
14
14
14
14
14
16
2
2
13
13
19
24
18
18
34
34
34
48
28
5
25
40
30
1
14
14
30
23
23
6
6
6
17
17
17
17
21
21
21
21
21
16
16
16
16
16
49
49
49
4
4
25
25
46
46
46
2
2
36
47
8
13
13
31
31
31
17
17
38
38
38
5
5
8
22
40
40
16
16
31
8
9
9
9
9
39
39
39
39
2
26
11
11
11
11
11
11
11
32
39
27
27
50
50
50
19
35
35
22
18
48
5
4
4
4
4
4
4
22
22
40
36
36
39
15
11
11
11
30
30
19
19
19
19
44
33
36
36
19
19
19
19
13
13
13
48
48
48
48
37
8
8
8
40
41
31
48
26
45
22
22
11
2
2
2
2
20
21
21
21
21
21
15
15
27
30
43
43
43
10
10
10
10
10
24
24
15
47
47
35
9
6
17
7
2
35
24
13
13
38
