32
39
18
18
12
12
11
25
25
25
26
36
36
36
47
47
47
47
45
45
31
42
42
26
26
26
26
26
27
10
1
47
31
31
41
32
42
42
48
19
19
35
35
26
26
26
26
29
26
26
38
5
5
40
40
40
12
12
12
12
44
44
11
6
36
6
46
44
36
5
8
8
47
3
3
3
20
20
20
20
38
38
36
36
36
45
45
29
48
48
48
48
48
36
36
9
9
33
33
33
33
11
32
3
10
29
29
29
29
29
29
29
35
7
7
7
7
41
7
7
7
3
3
3
12
5
47
47
47
47
47
47
7
7
7
9
33
16
33
33
28
47
47
30
4
17
49
49
49
49
49
49
47
47
46
46
28
28
28
28
28
13
13
33
33
43
43
43
43
43
43
21
21
32
32
11
41
18
20
20
41
41
30
30
43
43
43
32
32
32
32
32
43
13
13
12
30
30
30
47
7
4
