40
40
40
40
22
24
30
19
2
2
2
2
24
16
16
4
44
39
14
14
14
14
12
15
15
15
15
1
1
48
48
12
7
7
34
34
34
34
1
48
34
34
42
42
7
7
24
24
24
24
27
27
43
43
30
30
30
30
41
45
45
45
45
45
45
11
11
32
32
32
10
48
26
45
45
25
18
18
18
18
13
13
8
8
16
16
16
32
32
21
21
40
45
45
45
45
45
45
12
45
23
23
23
23
23
23
23
23
32
22
3
7
6
14
15
15
15
10
24
24
8
8
2
2
39
20
20
7
47
21
21
21
21
37
37
37
7
7
7
7
25
25
18
18
15
15
39
39
21
32
32
32
19
19
2
2
25
25
25
4
47
30
30
12
12
12
23
12
36
36
12
23
24
9
9
9
9
5
5
5
12
40
40
47
32
19
28
13
43
26
23
40
3
3
26
35
9
9
9
21
15
15
