36
39
24
24
6
6
6
43
43
19
41
41
30
30
30
30
30
30
30
30
30
30
42
26
26
26
42
11
11
11
11
12
22
22
22
9
44
19
12
12
12
9
9
9
9
9
49
49
49
49
1
1
1
1
1
1
5
5
21
21
21
21
8
25
48
5
5
5
5
5
5
5
35
35
35
41
41
41
41
50
50
50
50
40
24
41
41
41
15
15
15
44
44
40
2
46
48
48
48
48
48
15
32
28
3
11
11
29
29
26
26
30
48
48
48
48
48
3
3
3
43
48
45
45
45
29
29
29
47
36
3
3
26
26
26
38
49
44
49
49
49
34
25
42
42
42
19
50
50
50
21
21
21
48
12
31
2
23
23
23
23
25
25
26
26
32
41
30
30
2
15
20
20
41
41
25
25
25
25
49
45
20
9
9
9
14
29
6
33
33
33
33
33
29
8
35
35
35
35
38
4
29
