12
12
12
6
15
5
22
22
11
32
22
22
41
41
41
43
43
43
48
48
30
30
30
30
23
23
18
13
13
9
18
18
22
22
50
50
17
17
17
2
17
17
40
7
7
7
27
22
22
22
22
15
15
15
15
15
4
4
15
15
15
15
27
30
50
2
22
22
44
19
19
19
10
16
16
16
9
8
8
8
8
8
8
1
1
1
1
43
43
22
1
15
15
15
15
15
15
15
45
7
19
32
32
16
16
16
16
16
16
16
16
14
42
42
42
42
42
50
50
4
31
31
2
2
37
37
19
19
44
44
44
3
1
44
44
44
44
44
50
22
49
32
32
7
7
18
18
18
18
48
12
12
12
27
28
7
7
7
7
38
44
44
44
9
46
46
46
46
46
46
20
12
12
12
1
25
30
33
23
5
19
12
12
4
19
36
36
36
36
36
9
46
46
42
4
4
4
18
36
36
36
49
