47
47
47
47
28
28
20
35
17
17
17
17
17
9
9
9
9
46
46
46
46
46
26
26
11
11
3
40
40
20
20
20
21
21
29
7
40
42
31
23
21
21
21
23
23
12
45
45
4
4
32
29
29
17
45
45
45
45
45
45
45
45
8
8
49
49
49
49
38
7
27
47
8
20
15
38
7
7
15
15
15
15
15
15
5
5
29
29
29
6
32
26
26
43
43
8
8
39
45
49
49
4
4
41
41
41
38
38
44
44
29
29
41
37
37
37
13
32
32
4
4
43
43
43
39
39
33
33
46
46
46
29
26
26
26
26
16
16
14
14
23
42
42
42
4
35
35
37
49
30
30
30
21
21
21
21
21
26
11
11
46
46
46
46
32
23
23
34
38
45
45
45
45
35
35
35
38
38
8
16
16
16
49
49
47
47
47
47
10
10
35
46
46
46
46
10
10
10
10
10
10
10
