8
8
8
8
12
12
23
23
23
23
40
40
40
18
18
18
48
48
27
38
38
38
14
33
33
40
40
16
16
21
35
35
35
35
35
35
2
2
2
43
10
12
12
12
42
42
40
7
4
7
7
1
1
42
42
30
45
45
46
19
6
6
2
7
13
18
18
50
15
15
15
15
15
25
25
25
25
25
34
34
34
34
5
5
5
5
11
11
11
11
5
5
6
27
27
47
47
47
49
33
33
37
37
37
16
16
16
16
37
25
22
22
41
41
27
47
47
47
27
27
43
33
44
44
42
23
23
20
20
20
34
34
13
7
22
13
13
33
3
3
4
4
4
4
33
13
46
46
14
29
13
25
17
17
25
25
35
35
31
31
36
36
36
37
37
37
19
19
19
19
19
26
26
26
26
26
9
9
7
7
19
2
2
2
18
18
45
45
36
36
36
36
36
19
46
14
14
15
21
46
46
26
