5
5
32
39
47
47
47
47
48
48
48
48
1
1
28
13
13
13
13
28
36
48
18
18
18
10
10
10
10
10
10
10
10
8
35
35
35
35
19
19
19
19
34
40
40
23
42
42
26
2
2
19
19
19
19
9
48
48
48
47
7
7
7
7
7
7
7
29
29
29
29
29
29
29
17
37
37
29
49
49
49
26
26
34
34
33
1
17
33
33
41
41
7
7
7
7
36
12
12
12
12
25
25
25
41
35
35
46
46
46
46
35
35
35
35
35
50
23
23
23
23
23
23
30
30
30
37
15
15
32
32
50
50
26
7
32
15
15
47
47
19
8
8
8
42
14
14
14
11
8
8
29
16
27
27
48
48
48
48
48
47
47
47
13
16
16
26
26
26
44
44
44
44
30
30
30
30
11
38
46
21
1
1
20
20
30
30
30
30
9
45
7
5
42
8
8
8
28
28
24
49
49
