13
13
35
48
48
19
48
48
48
48
48
7
7
7
16
44
44
11
11
12
12
12
35
34
31
31
45
45
17
17
11
11
12
12
7
23
30
16
16
20
20
46
15
16
16
16
9
12
22
43
8
8
5
5
9
19
7
1
1
35
13
13
18
26
40
24
24
45
45
45
45
9
26
24
24
24
32
49
49
20
36
7
7
8
8
41
41
41
41
2
4
4
4
29
29
15
15
38
8
8
23
23
36
36
36
39
37
26
26
22
22
22
50
4
36
31
31
31
31
31
49
49
40
26
26
24
24
14
14
23
23
13
13
13
13
13
13
24
15
26
31
40
40
40
38
38
38
38
5
5
5
5
5
5
24
49
14
14
14
14
14
21
21
21
21
47
19
46
14
41
41
4
4
4
4
4
4
45
45
45
21
35
15
46
46
46
46
46
34
34
34
34
34
12
12
15
15
9
9
25
25
25
