21
21
21
21
35
35
35
7
46
46
46
46
46
5
5
5
5
5
33
36
43
5
34
34
34
34
34
34
34
34
2
14
37
37
16
47
47
47
47
11
33
33
33
34
34
40
40
4
4
10
50
1
1
48
29
29
10
24
24
24
8
8
12
12
28
16
16
16
16
24
34
34
32
18
18
13
13
8
8
8
8
35
35
3
19
1
1
48
48
48
48
48
48
48
48
22
6
25
25
36
41
41
41
9
9
13
10
7
22
39
36
43
43
43
17
10
10
12
7
37
37
26
42
11
11
36
36
36
41
9
9
41
15
15
15
5
5
30
10
28
28
41
36
41
43
43
43
43
43
23
23
23
23
23
50
7
7
38
38
43
43
43
21
11
11
11
11
11
9
9
9
9
29
29
21
21
21
3
32
32
32
32
32
32
34
46
46
46
22
22
35
35
45
9
11
19
46
15
15
11
32
32
