11
22
31
32
30
44
15
46
46
46
46
43
43
36
40
40
40
35
35
21
41
41
16
16
16
36
28
42
42
42
6
6
6
6
6
6
6
14
15
15
17
5
5
46
21
22
22
38
2
26
26
40
40
40
40
34
34
34
30
48
20
37
37
37
50
10
10
33
9
9
20
37
37
48
9
11
36
8
2
48
48
7
6
50
50
35
4
4
16
4
4
4
24
34
36
36
36
19
47
47
47
47
31
11
11
8
16
37
3
21
15
14
14
36
36
36
36
45
32
15
15
44
41
35
35
35
35
35
35
35
35
42
49
49
15
15
15
15
15
15
15
8
44
44
31
31
31
45
28
28
28
44
44
44
36
36
36
36
36
36
21
21
7
7
7
7
7
47
47
47
47
47
8
42
42
42
42
42
29
29
42
48
19
19
47
36
18
18
33
33
38
39
24
24
24
12
38
44
44
44
44
34
