21
15
11
1
6
6
28
42
22
42
42
42
11
11
17
17
30
30
30
30
25
26
26
26
26
26
6
6
3
33
29
29
26
26
46
46
46
44
12
12
12
12
12
37
19
25
20
20
9
9
24
41
41
41
36
36
36
47
47
34
34
34
34
24
24
24
14
42
42
42
26
2
2
48
35
35
47
28
8
8
8
8
5
37
37
37
37
22
22
46
21
21
21
26
42
42
42
33
33
48
48
48
3
7
7
1
41
27
27
27
27
31
31
31
31
31
16
1
23
15
15
28
25
25
43
43
43
43
7
7
7
40
40
40
40
32
33
43
26
19
19
10
10
10
10
10
10
10
50
50
50
50
50
50
50
50
16
16
25
25
20
6
6
32
39
39
39
39
47
27
27
35
11
41
41
41
41
41
41
41
41
41
1
1
1
1
49
10
39
50
50
44
44
44
44
44
23
23
23
23
23
16
