25
25
25
25
25
1
1
14
40
26
50
5
28
42
42
42
32
5
27
27
45
45
12
22
9
7
42
11
47
32
3
3
17
48
48
48
44
4
4
4
4
4
13
13
39
39
33
33
16
16
49
24
15
25
25
25
6
38
28
35
35
35
35
42
28
1
25
25
25
25
25
23
35
17
17
27
37
37
37
16
2
45
45
45
43
43
39
46
46
46
9
9
9
17
42
28
31
31
31
19
19
14
38
38
38
28
28
28
28
24
24
37
37
24
39
5
34
38
33
33
33
33
24
5
36
36
25
25
41
41
15
15
13
13
13
39
40
37
37
37
3
34
34
41
41
41
41
41
24
22
9
9
9
13
13
46
46
21
21
26
32
16
16
16
16
37
37
37
19
25
13
43
43
45
25
39
39
12
3
3
3
3
15
14
14
14
10
10
43
43
39
4
4
16
38
2
30
41
41
32
7
7
