25
25
25
49
49
31
42
42
42
30
30
8
7
15
6
25
47
18
29
8
8
8
38
38
38
29
29
7
38
1
15
1
1
44
44
44
37
37
22
5
41
41
17
43
43
43
43
35
19
37
37
46
38
38
30
30
14
14
14
9
8
38
38
11
11
29
27
40
40
26
26
44
45
45
50
24
12
12
12
12
4
8
8
8
5
30
30
48
15
46
46
46
46
23
3
36
7
7
42
22
22
32
32
16
23
23
25
1
1
1
1
49
49
20
20
20
32
9
15
15
15
16
16
16
15
50
46
35
35
38
38
38
38
38
38
38
28
45
45
45
44
8
37
5
24
14
12
12
12
12
12
21
50
18
18
35
35
19
30
17
44
49
10
10
12
21
21
21
21
21
21
21
21
18
18
18
18
18
8
15
15
15
25
5
13
13
13
13
26
26
26
26
26
32
32
15
15
15
15
37
40
40
