33
33
33
5
5
5
29
29
29
37
18
18
24
24
24
24
14
14
14
14
46
8
25
25
25
27
29
29
29
29
6
26
26
26
26
32
3
29
37
38
15
30
30
37
23
20
1
5
5
5
5
28
11
11
11
11
11
11
11
21
50
1
9
33
33
33
26
26
26
26
26
26
19
19
19
29
20
20
38
38
38
38
38
41
41
3
13
8
50
50
45
45
46
29
29
6
2
2
2
2
2
2
5
27
34
34
34
34
34
34
48
48
48
20
8
8
34
27
16
16
16
4
9
47
47
19
19
19
28
28
12
6
6
6
12
40
40
40
40
45
33
33
33
33
13
13
13
36
36
36
1
20
20
21
21
21
3
36
36
36
1
25
25
25
17
18
20
20
6
3
3
3
3
3
40
14
14
14
2
23
24
24
24
40
2
16
26
26
26
29
46
29
29
29
36
36
36
30
47
9
22
22
