24
24
29
16
13
22
22
19
34
35
35
13
17
42
42
42
42
42
1
44
50
50
43
43
11
5
5
5
16
16
33
33
33
33
33
5
25
25
25
25
25
15
15
15
27
49
9
9
27
10
10
10
18
24
24
27
9
42
48
13
13
13
13
13
20
20
20
12
1
35
6
27
27
50
4
48
22
3
3
35
38
11
25
25
12
32
32
49
11
27
20
20
20
49
30
39
39
34
34
8
8
33
33
12
25
35
30
9
39
19
32
32
38
44
44
50
50
11
11
10
35
23
23
47
47
47
47
1
46
46
35
35
35
44
1
1
1
23
7
20
24
24
13
33
33
33
33
9
9
9
46
46
46
44
46
42
42
42
21
29
29
9
9
9
9
45
41
37
37
37
37
36
3
40
36
35
35
34
34
34
34
34
26
21
21
21
31
31
38
38
34
24
1
48
48
35
2
2
33
42
35
35
