36
40
40
40
49
15
30
25
2
2
19
47
13
13
13
13
9
49
49
17
4
37
37
16
16
16
16
20
3
3
2
2
6
6
6
34
34
34
30
30
30
40
27
27
16
23
23
23
23
23
23
23
36
36
46
46
46
46
46
39
9
9
9
42
42
42
42
3
3
3
3
45
45
48
27
11
11
14
17
21
21
21
29
29
27
27
29
50
7
7
3
2
2
25
25
15
29
35
35
4
4
17
17
17
6
6
39
33
25
17
46
27
27
12
41
9
9
9
9
9
9
40
40
40
40
40
38
18
45
23
23
41
41
15
10
15
41
27
21
21
21
45
45
8
8
42
14
14
20
36
25
25
36
36
20
3
3
3
14
14
16
16
16
16
16
36
10
1
24
24
24
24
20
20
20
20
20
30
46
16
38
38
28
6
23
10
34
34
11
11
11
11
46
22
21
21
21
21
46
10
10
10
