6
6
12
8
43
43
44
44
18
18
18
18
18
27
10
4
4
7
32
32
32
23
23
23
41
41
41
41
41
30
30
15
15
26
36
36
9
9
9
10
30
30
30
20
33
38
38
38
35
35
21
30
29
29
29
27
50
50
37
37
37
37
20
42
26
20
42
41
49
9
12
12
9
9
10
10
10
10
10
10
14
14
17
46
11
33
13
13
43
43
43
43
43
43
30
9
9
9
9
6
48
17
17
3
3
23
23
40
49
49
49
49
27
27
27
27
8
21
21
21
21
23
22
49
49
49
49
49
16
16
16
16
16
50
50
7
31
31
21
21
21
21
49
4
17
17
17
25
16
16
16
16
5
32
26
45
45
31
31
34
24
24
29
6
8
8
17
17
27
27
14
14
14
14
41
3
39
10
10
28
28
3
27
27
50
50
50
17
36
36
20
20
20
12
12
12
3
47
47
47
47
47
