9
9
9
9
9
31
31
3
4
24
14
44
15
15
15
15
15
50
50
44
44
34
21
21
26
20
43
43
23
25
40
40
46
46
46
46
46
46
46
46
46
46
30
1
13
23
23
23
25
25
25
25
29
29
29
29
29
14
9
9
24
24
50
50
42
42
42
12
16
16
16
16
32
32
17
29
18
18
18
19
34
34
34
34
34
36
41
28
28
44
32
32
1
16
16
16
16
34
34
34
34
34
34
42
42
18
18
18
21
21
21
45
3
41
41
21
7
4
23
13
13
13
13
13
13
3
3
3
21
32
40
15
15
16
16
42
39
44
12
12
38
23
23
23
23
21
21
21
21
16
50
50
45
15
22
3
3
3
40
40
40
40
40
40
40
41
29
43
19
19
38
34
40
9
28
28
30
16
49
9
27
27
27
27
5
5
30
30
30
30
30
19
19
19
19
44
3
47
44
45
24
24
