48
13
13
13
13
17
41
34
34
34
35
10
8
14
34
37
37
37
37
37
37
37
37
8
38
2
2
36
36
21
21
9
18
46
23
14
21
4
8
29
29
32
12
34
34
34
34
43
49
1
13
13
41
41
19
19
41
32
11
33
2
23
3
3
3
3
18
26
26
26
26
19
7
50
5
50
50
50
11
11
17
17
17
17
17
30
13
37
37
18
18
7
44
44
44
47
47
13
50
50
50
50
50
50
50
27
31
44
6
6
6
6
42
29
2
2
48
48
8
50
46
24
44
10
8
26
26
26
26
26
33
33
16
16
15
15
5
49
49
49
4
15
33
33
33
17
17
1
1
1
8
8
31
46
25
34
37
3
28
28
28
28
12
16
16
16
16
17
17
8
1
1
5
5
39
24
34
34
34
34
34
34
34
23
19
47
24
24
7
7
20
10
26
26
5
5
17
17
33
33
33
33
