24
24
24
24
36
42
42
43
43
43
41
38
38
38
38
38
47
37
48
35
35
35
46
46
46
46
46
46
46
20
1
33
21
25
21
6
9
9
20
19
19
19
19
33
33
2
2
2
2
2
46
33
33
33
14
14
14
2
2
2
50
50
25
25
25
49
35
35
35
35
35
35
15
7
7
7
7
7
7
7
7
7
47
24
24
24
24
24
24
44
44
5
5
5
2
2
2
2
2
23
23
23
23
35
44
50
43
31
26
8
32
32
43
43
18
18
5
4
18
18
44
23
20
20
20
20
48
48
48
48
24
24
24
24
41
23
16
16
16
31
31
8
8
29
29
22
5
27
27
37
42
36
36
36
4
4
19
19
19
19
19
19
19
21
21
46
23
23
43
48
45
5
5
5
5
11
28
28
28
28
44
44
44
26
26
8
8
21
26
19
40
40
40
7
14
14
48
48
6
6
6
41
