49
49
49
49
47
47
47
28
17
17
17
33
32
17
39
39
6
10
10
21
21
33
33
18
30
34
26
15
15
2
2
21
21
3
3
16
48
48
48
48
48
48
48
13
34
34
34
11
2
6
8
27
27
3
3
3
39
48
26
26
26
26
26
34
40
40
40
29
29
29
29
29
29
29
46
46
46
46
46
18
18
15
15
15
15
15
24
38
31
31
31
12
12
12
14
46
39
32
32
6
20
20
20
17
17
43
43
6
4
4
21
7
7
39
13
19
19
19
48
23
33
26
8
29
7
16
36
36
25
39
39
23
23
6
34
39
22
36
4
45
45
45
45
45
42
25
46
46
46
10
10
10
15
15
15
15
15
15
15
15
33
25
26
29
29
29
29
31
34
34
34
34
34
15
15
15
15
25
9
9
9
9
44
44
1
32
3
43
44
42
42
15
15
15
45
45
45
47
47
44
44
44
