28
28
28
28
28
18
18
18
25
25
25
25
25
25
25
30
30
30
4
26
26
23
23
28
28
36
18
38
38
38
47
47
47
22
22
26
14
14
14
14
19
44
44
16
16
22
18
50
50
50
50
50
2
36
1
14
14
12
6
36
20
9
9
13
7
5
5
5
5
3
3
3
3
3
3
38
10
10
3
26
40
10
10
10
10
10
30
22
22
22
38
38
39
19
23
8
3
44
40
15
15
10
10
10
25
25
25
13
13
35
3
8
6
6
40
6
3
3
2
47
47
31
31
45
45
44
17
28
30
43
43
42
6
6
1
17
17
30
30
42
42
6
9
9
41
28
39
39
39
39
9
9
24
10
6
6
6
6
6
19
19
19
19
27
24
24
24
24
24
24
23
4
37
49
49
49
45
46
46
24
24
26
1
19
49
16
16
20
4
4
14
25
25
15
15
15
13
13
13
13
39
31
