42
42
42
42
42
42
42
5
47
45
45
45
6
6
3
30
7
7
7
7
50
50
50
20
20
17
48
48
48
26
23
50
46
46
46
13
13
13
30
30
40
40
6
13
10
10
17
34
26
26
24
24
27
27
27
27
25
25
25
25
45
24
24
24
24
24
42
34
40
38
38
16
15
15
15
16
37
37
46
8
8
8
4
34
34
34
48
31
45
47
47
10
28
28
28
28
17
11
30
40
40
40
40
6
6
16
16
16
16
16
16
10
10
10
10
5
5
10
10
10
10
10
39
3
18
32
32
32
32
32
31
8
8
8
8
36
36
36
13
35
18
45
5
6
6
4
4
16
11
39
39
29
16
50
50
7
7
7
7
7
8
8
8
8
7
7
20
6
41
41
18
18
18
18
18
18
17
15
15
15
26
14
14
35
35
35
1
1
1
1
1
17
17
17
17
17
14
14
14
48
28
7
