44
44
10
33
33
26
26
26
26
39
31
34
29
29
2
5
5
6
10
9
9
28
28
25
25
41
42
42
42
22
7
37
8
33
16
16
16
1
1
1
1
44
27
27
27
22
22
16
16
50
50
50
47
13
26
1
9
9
9
9
21
21
21
17
17
17
49
20
25
41
41
35
16
41
41
41
34
8
8
8
36
36
6
28
32
25
25
25
25
25
4
4
4
26
34
34
19
19
19
12
12
12
19
19
33
33
33
49
7
13
13
33
29
47
3
3
23
41
41
25
23
23
40
43
33
22
44
49
1
46
46
36
36
36
7
26
11
11
11
29
29
29
48
48
48
33
33
18
36
15
50
50
50
45
14
42
42
22
39
46
25
43
43
30
40
40
14
21
36
27
33
26
26
36
37
37
14
25
19
36
36
11
12
12
12
30
30
19
40
34
34
39
39
32
32
15
15
15
15
9
9
9
