12
46
46
46
46
22
22
22
22
22
22
27
8
22
22
22
22
22
22
22
41
41
41
43
36
36
36
27
9
9
28
28
28
32
32
23
23
24
19
11
11
11
13
31
12
12
6
29
29
29
34
3
3
3
40
28
28
29
4
4
4
13
14
1
31
31
31
9
9
9
9
7
7
19
19
19
12
38
43
34
34
29
29
29
29
43
43
43
12
3
3
3
3
3
45
45
26
39
43
43
43
43
43
42
42
41
33
30
30
27
27
24
24
24
24
46
3
3
3
1
3
4
23
20
20
17
17
35
35
35
35
35
35
34
34
29
29
29
34
34
42
40
40
27
27
17
17
17
25
10
40
15
15
15
21
21
21
49
28
28
28
21
21
11
11
18
18
8
34
34
40
40
7
6
24
24
24
25
25
25
17
17
17
17
49
49
49
49
28
28
38
38
2
24
29
29
29
29
50
33
49
49
