3
3
3
3
15
19
19
22
22
22
42
11
37
37
37
1
1
1
1
1
1
1
1
22
22
22
22
9
9
9
9
9
42
4
4
7
35
35
35
17
43
10
10
10
10
10
10
33
33
22
48
12
21
24
32
32
32
20
20
32
18
18
5
5
5
16
16
16
33
46
46
2
13
13
29
11
11
11
11
11
4
1
37
36
36
11
11
11
42
42
42
42
15
15
49
49
33
9
9
3
3
10
10
6
6
10
10
34
22
21
21
18
4
29
29
10
34
39
18
18
28
28
28
21
9
9
9
21
21
21
47
47
47
47
47
10
10
10
31
31
27
27
27
14
47
17
17
17
19
45
11
27
27
27
12
4
7
7
47
47
47
31
31
32
32
32
32
32
31
31
31
33
22
22
36
11
11
11
11
39
7
7
21
21
21
11
11
43
2
26
19
3
3
26
26
26
45
45
25
25
25
25
