9
9
41
3
3
3
33
36
6
7
28
18
22
22
44
4
45
18
22
22
22
11
11
11
11
49
3
3
3
3
24
1
31
2
26
26
20
20
20
20
20
36
34
34
34
10
12
12
36
36
15
15
12
12
12
37
37
37
9
9
38
39
39
26
26
26
26
26
26
26
26
27
27
8
36
30
30
30
19
1
1
1
45
45
31
31
31
31
31
31
27
27
49
33
5
1
2
2
50
2
13
5
5
5
5
5
5
5
23
13
13
25
25
44
44
44
20
20
25
13
4
45
7
33
33
33
6
6
6
18
18
20
20
20
20
34
34
15
21
4
25
25
7
39
16
16
31
31
6
6
6
6
6
44
44
44
41
3
3
3
12
12
17
39
39
16
23
41
10
31
42
42
45
45
45
45
45
8
17
32
32
7
7
26
1
1
1
1
1
20
20
29
29
39
22
22
22
48
3
9
26
16
