26
26
42
17
17
17
17
41
27
27
18
25
36
17
17
5
5
5
2
20
17
13
13
13
15
15
15
15
18
10
29
29
29
1
25
9
22
47
47
47
33
9
9
6
17
17
17
17
15
25
25
19
19
21
21
21
42
15
26
23
23
14
9
13
14
25
25
46
6
6
6
6
9
9
9
38
38
38
36
31
31
31
31
40
40
47
1
3
3
49
49
29
46
46
17
5
47
47
10
40
40
1
1
1
3
39
36
36
36
36
36
42
25
25
15
5
47
47
47
5
5
5
21
21
13
31
50
14
14
14
23
3
3
3
39
16
16
22
22
13
13
13
48
48
48
48
48
48
48
48
48
48
48
48
33
33
48
49
7
9
9
23
1
1
1
47
28
36
34
29
29
29
29
29
29
45
45
31
25
25
7
26
22
21
21
36
36
6
42
42
1
22
33
31
3
3
11
11
11
11
11
40
