41
41
32
32
32
14
45
45
45
45
45
45
45
8
22
36
13
1
4
4
5
5
34
34
21
20
43
43
43
43
8
8
3
16
16
16
43
43
43
43
43
17
50
17
17
46
46
22
6
37
14
14
45
45
42
42
38
38
38
38
19
3
3
3
18
18
18
18
45
16
16
28
28
10
10
39
50
44
44
44
44
44
44
3
3
18
48
48
21
21
21
21
26
49
6
6
25
45
45
48
36
36
36
36
22
40
40
40
15
15
9
14
14
14
32
32
32
32
3
3
3
46
46
1
5
5
38
10
40
33
7
46
24
24
24
24
24
24
24
28
35
49
24
24
15
26
26
23
23
41
29
29
11
44
40
42
12
10
22
1
37
37
36
46
46
46
6
6
19
11
43
43
43
43
43
43
6
6
6
6
6
28
48
48
6
6
6
32
32
7
18
37
38
38
21
21
39
30
46
46
5
5
