47
47
33
38
38
38
6
46
2
42
19
19
44
3
3
16
16
16
46
46
46
36
35
35
35
37
49
49
10
41
41
29
7
40
40
38
23
31
35
35
35
45
44
44
41
8
8
37
37
26
26
7
46
46
46
17
36
13
13
3
1
1
7
31
31
31
31
34
36
36
36
36
36
7
38
29
29
9
9
42
24
29
29
48
48
48
47
38
9
27
28
28
44
30
30
30
30
39
39
39
13
13
13
39
6
14
42
42
42
42
40
11
11
11
11
21
44
15
5
5
5
4
5
5
5
28
4
16
11
22
22
40
40
14
44
44
19
36
42
42
42
21
44
44
50
50
30
35
35
35
37
43
43
43
43
43
43
43
43
20
20
7
46
46
46
3
3
47
47
23
8
49
35
35
35
35
35
44
15
15
27
27
10
44
2
44
44
44
44
44
44
44
44
44
47
47
33
44
41
41
41
5
