23
23
28
20
38
20
20
4
7
20
20
42
46
46
46
46
30
14
14
12
38
38
45
22
19
19
19
34
34
34
34
34
50
25
25
37
37
37
37
5
10
10
35
35
9
9
9
21
49
49
49
13
16
5
49
49
49
49
49
3
3
3
46
1
1
1
37
37
37
37
49
49
49
49
3
3
17
23
34
47
15
24
13
29
29
20
34
34
40
40
40
2
2
2
39
39
39
16
10
37
37
37
37
3
3
4
35
35
35
35
35
27
27
27
27
27
41
41
50
28
28
28
28
49
49
24
47
47
47
47
2
2
2
21
21
2
19
19
19
39
39
19
47
47
33
10
10
4
4
2
23
1
40
42
42
32
32
32
32
32
26
26
46
46
46
33
40
40
40
22
5
5
5
1
1
38
23
11
11
33
36
20
35
35
37
37
37
37
14
14
14
19
32
13
7
7
7
7
40
40
40
40
