26
26
26
26
26
45
20
20
20
3
8
23
23
8
8
5
5
34
19
19
19
24
24
9
43
4
43
43
42
42
42
42
42
6
6
6
31
15
35
11
32
32
32
32
32
32
46
46
47
14
49
15
16
3
16
16
16
19
19
19
19
47
47
47
27
27
27
27
27
8
8
43
47
47
27
27
27
11
11
11
10
26
26
26
15
11
11
11
11
11
10
10
10
10
10
10
10
37
6
27
27
39
39
28
15
15
15
27
12
12
12
30
27
27
39
3
3
3
50
50
50
4
4
1
1
1
1
14
19
19
19
19
19
19
3
3
41
41
41
39
39
39
2
7
7
20
14
14
42
42
41
41
41
41
8
8
8
8
8
8
14
40
36
6
6
6
6
10
10
10
10
1
1
1
31
31
34
33
5
46
46
46
28
28
37
42
12
12
39
39
39
40
15
47
47
47
47
47
47
47
47
47
