21
21
44
27
15
15
15
21
4
34
46
23
23
6
6
6
30
30
12
24
24
27
27
42
5
35
35
35
35
35
19
34
34
34
34
34
34
39
21
31
31
31
11
11
11
11
21
12
27
36
36
21
12
12
47
29
24
9
50
50
4
24
26
46
46
39
30
30
30
27
27
27
24
3
3
3
49
13
13
13
10
10
10
11
25
25
6
6
38
38
40
28
7
47
45
45
45
45
45
27
22
22
22
7
7
7
7
24
21
41
41
41
41
29
45
4
4
4
4
21
34
34
34
34
50
1
27
27
10
10
11
7
26
26
26
26
26
35
35
35
38
38
40
40
40
40
36
36
35
35
40
40
15
23
41
46
46
2
44
32
2
2
18
40
40
40
32
32
11
11
11
27
19
8
38
38
38
35
35
45
11
30
30
34
40
40
19
2
50
50
12
15
38
38
38
11
11
11
11
11
11
11
