36
36
48
48
48
3
48
48
39
10
42
42
42
9
44
44
44
44
44
44
46
20
20
6
7
36
11
11
41
36
38
15
15
15
49
45
14
20
20
8
41
41
49
49
49
44
8
31
31
15
15
15
1
17
41
18
18
18
15
15
8
42
38
38
5
5
49
49
49
49
49
49
4
4
4
50
8
8
27
27
45
16
16
16
26
26
26
26
45
45
45
45
47
8
8
8
26
26
26
50
3
3
3
17
17
17
17
17
33
19
19
33
33
33
33
32
32
40
40
40
20
20
17
17
35
44
44
44
44
49
49
19
19
19
19
19
10
10
10
40
40
9
32
32
20
21
17
36
36
36
36
36
2
47
47
39
39
7
21
30
30
30
22
7
7
23
23
38
15
15
15
15
29
39
24
24
24
34
34
34
34
34
34
35
45
7
43
13
27
2
40
50
50
50
50
42
42
30
36
36
47
47
