31
44
47
26
26
26
26
10
10
35
35
35
33
46
46
49
49
49
49
49
24
24
18
18
18
18
18
14
13
5
5
17
17
27
27
16
47
47
12
12
12
12
12
12
12
49
49
49
2
26
26
8
25
25
17
17
24
24
44
44
38
48
24
24
20
20
20
20
20
20
20
27
39
28
3
21
46
46
19
19
19
12
12
11
35
36
36
19
27
27
27
27
20
23
47
47
31
31
31
31
31
31
31
31
31
46
2
7
7
7
38
38
12
27
35
35
31
18
12
12
31
31
31
46
25
50
31
48
19
19
41
20
20
20
22
22
38
47
47
28
28
7
19
19
19
19
19
10
10
10
6
6
6
48
50
50
43
13
37
6
32
32
32
32
32
32
32
46
46
46
17
17
28
28
16
18
18
38
12
12
29
29
32
32
49
37
26
26
13
13
41
41
22
35
35
35
35
35
35
38
38
38
