7
7
35
1
26
16
39
24
24
24
35
16
34
45
43
4
4
4
29
6
6
6
6
6
6
5
5
5
5
29
42
42
42
42
42
24
14
14
14
2
6
6
9
9
9
18
18
45
45
9
48
14
14
21
47
47
47
5
32
45
13
13
48
48
48
48
48
36
36
24
24
49
29
29
25
25
25
25
23
1
12
12
8
8
8
8
8
8
24
6
27
27
19
21
21
21
22
2
8
22
22
22
22
22
27
27
50
50
50
50
6
13
13
41
26
26
17
7
7
26
50
34
34
34
34
26
27
3
1
1
27
49
45
35
1
1
36
36
36
36
18
18
18
18
18
35
22
6
6
5
43
43
33
36
2
2
2
2
3
48
48
21
21
21
21
17
17
20
20
37
37
37
37
37
46
31
19
24
24
24
44
44
15
15
15
15
4
4
4
4
4
40
40
40
40
40
40
14
15
30
40
40
