13
26
28
32
32
32
32
13
13
13
18
18
18
43
43
4
4
15
15
15
15
15
2
4
11
11
7
36
36
16
16
17
17
1
10
10
5
19
12
12
32
32
4
19
19
19
14
14
41
32
43
43
43
41
41
49
7
7
31
31
31
31
32
32
32
32
28
28
11
35
9
9
36
36
49
48
48
48
35
6
6
16
16
42
42
42
42
42
7
7
37
15
10
50
23
23
8
8
8
14
34
34
34
13
13
27
42
32
26
26
5
5
5
4
4
4
22
22
22
40
40
14
26
26
27
6
8
8
8
8
8
8
8
8
8
15
22
38
30
30
5
5
5
50
16
8
30
30
36
16
15
1
1
14
9
33
33
33
33
34
20
14
21
21
21
28
28
26
26
36
36
36
36
36
19
49
49
49
40
40
40
47
47
15
15
15
15
41
41
41
26
26
26
33
17
26
38
2
2
37
37
49
