5
11
27
47
43
3
3
6
49
49
49
49
29
9
48
50
50
50
50
50
41
49
28
11
38
33
1
12
10
31
31
26
8
21
34
25
25
3
20
40
40
32
19
27
14
49
14
48
8
8
8
21
21
30
30
46
46
46
49
9
9
17
17
7
29
29
47
37
37
49
49
7
7
7
34
34
45
45
45
45
45
46
6
6
20
20
20
3
37
37
16
19
26
25
25
25
25
20
20
16
16
14
14
43
23
23
23
23
23
23
23
23
23
5
46
46
40
45
45
45
49
40
3
3
3
3
3
9
8
8
34
34
34
34
34
34
8
34
33
33
22
22
22
44
44
24
25
25
25
3
8
8
8
8
8
8
8
31
31
19
19
19
6
6
2
2
2
30
30
30
30
3
49
49
12
34
34
17
17
17
21
20
25
28
32
32
18
18
26
26
26
33
23
23
23
23
28
48
42
33
33
19
