23
23
23
23
49
16
47
49
49
49
10
39
3
3
3
3
3
3
3
39
49
13
13
13
13
39
1
1
1
1
1
50
50
15
15
15
15
32
34
34
34
45
48
48
48
6
6
39
39
39
39
42
42
1
1
11
11
11
11
11
35
43
43
43
43
47
15
15
15
47
47
47
33
34
14
10
29
34
19
19
43
43
48
50
37
31
31
20
20
20
20
20
20
41
13
13
13
13
35
6
6
6
23
17
17
17
46
46
46
46
1
14
5
4
4
7
7
7
7
7
7
45
17
17
12
37
37
37
15
15
15
15
15
15
9
12
17
17
17
17
17
46
20
46
46
46
7
35
42
42
42
27
27
16
47
47
13
13
13
16
16
6
6
6
6
6
6
19
19
35
7
2
34
34
10
10
43
43
3
4
30
30
31
31
31
31
6
39
39
39
39
8
8
1
1
46
46
46
12
10
29
26
