10
10
10
29
29
29
29
47
47
25
25
25
25
25
25
33
33
16
19
19
41
25
40
40
4
4
4
4
33
33
33
13
37
39
39
23
23
23
48
48
48
48
48
8
8
8
12
12
12
50
50
35
35
35
10
25
15
23
31
40
1
1
13
38
48
29
16
16
4
15
15
15
15
15
46
50
50
42
42
4
43
43
43
28
28
28
28
35
35
35
7
38
38
31
31
31
31
26
26
4
4
1
2
10
10
16
11
9
4
4
17
8
8
8
8
8
8
2
31
29
6
20
3
2
2
2
2
13
50
50
24
24
1
23
14
34
25
25
25
25
26
26
6
6
27
27
27
48
23
23
23
4
18
18
38
38
9
9
29
5
30
21
19
47
41
41
43
43
43
43
13
21
21
21
21
23
23
23
23
41
44
23
23
24
24
46
14
14
19
19
3
3
10
10
12
12
12
12
19
22
22
42
