47
47
47
27
27
16
14
18
18
4
25
25
25
32
32
32
32
32
32
22
22
22
22
9
24
24
24
50
13
11
25
38
38
38
35
36
36
37
32
22
22
42
42
13
13
34
34
33
11
3
3
3
3
23
23
23
23
23
23
29
5
5
13
13
13
8
16
8
8
8
8
33
34
34
2
14
14
14
14
14
14
14
33
33
46
22
22
22
22
50
50
50
50
50
50
50
50
40
40
37
37
29
29
43
43
48
48
48
26
43
43
26
26
26
26
43
43
17
46
46
37
37
37
37
41
41
41
41
41
37
15
7
38
15
15
10
10
10
10
47
40
40
45
25
25
48
16
32
30
43
43
43
43
25
25
25
25
2
23
23
23
31
11
11
11
11
11
16
18
18
27
27
27
27
31
17
17
17
17
17
1
29
3
3
22
10
10
10
10
10
14
14
14
14
14
31
31
31
31
31
31
31
