11
28
28
28
28
17
24
37
13
13
13
13
27
33
33
33
33
28
39
39
39
3
3
24
24
10
46
49
50
50
17
18
23
11
11
11
24
16
31
24
38
38
23
50
30
9
49
44
35
31
31
15
7
8
33
50
25
25
4
4
42
42
11
27
8
20
20
1
45
45
36
36
36
36
36
36
36
36
36
36
36
35
19
9
49
49
20
20
20
44
44
11
11
11
36
35
9
9
47
47
14
14
15
15
1
38
38
28
20
3
3
3
3
15
15
13
13
13
23
23
23
23
23
9
44
25
5
31
12
12
12
12
3
10
15
16
16
9
48
28
13
36
22
22
35
2
2
21
34
34
34
37
37
32
47
42
18
18
18
41
41
41
35
18
24
24
22
36
36
4
4
4
4
4
7
7
27
20
20
20
20
20
36
19
19
19
29
29
47
47
49
49
49
34
34
34
34
34
18
23
23
14
