34
28
4
38
38
47
38
36
19
42
2
2
50
21
40
40
40
40
11
11
34
34
34
34
34
34
34
34
49
49
49
49
17
17
31
31
22
41
35
35
34
35
25
25
25
22
22
5
32
32
31
31
31
39
39
39
33
33
33
33
27
27
27
27
4
4
4
4
33
46
10
10
15
15
15
17
24
28
28
32
32
14
14
14
14
25
25
12
3
3
28
28
28
50
10
21
21
48
47
47
47
47
47
47
17
17
28
6
8
31
6
6
6
6
6
17
10
10
10
10
10
23
27
27
18
18
18
41
10
31
31
46
29
29
29
2
26
5
5
5
5
3
44
44
7
7
7
50
12
12
14
37
35
24
45
45
45
39
39
47
47
47
41
41
41
43
43
43
43
46
4
4
4
50
41
11
11
11
10
11
11
3
3
38
2
2
2
40
22
22
22
15
14
14
14
14
14
42
39
33
18
32
