47
29
29
29
30
39
24
24
35
6
46
46
12
40
34
34
34
34
34
34
34
14
29
29
29
17
44
44
2
2
2
2
3
20
20
39
39
39
33
33
33
33
33
23
29
29
29
26
48
7
7
7
7
7
7
50
10
50
50
50
50
35
35
29
11
11
11
28
33
41
39
13
13
13
13
13
13
13
30
30
30
30
30
30
30
30
30
41
41
41
9
37
4
4
4
20
29
1
49
25
25
13
13
13
13
13
13
29
29
40
38
38
38
38
38
33
38
41
9
27
27
27
16
16
47
47
18
18
12
47
19
19
19
19
28
5
11
15
15
15
25
25
25
24
4
12
12
38
38
38
38
42
40
15
2
47
47
43
18
15
15
33
22
21
14
6
6
35
50
50
43
43
43
32
32
32
32
20
20
38
38
38
43
43
28
28
28
28
28
28
4
4
4
4
24
24
24
24
24
24
24
21
