21
21
24
24
24
49
35
11
48
48
25
17
35
35
48
50
50
32
32
32
32
32
32
32
32
50
16
5
10
10
29
10
26
26
29
29
29
29
15
15
15
15
26
29
29
29
29
29
21
50
50
50
50
5
5
5
5
9
9
9
9
9
9
49
25
1
1
15
33
34
34
34
34
36
36
50
50
50
50
14
21
21
21
21
21
21
21
21
21
21
21
4
4
21
21
21
21
21
41
28
28
12
12
1
40
24
24
24
37
41
41
8
8
14
41
32
38
43
24
48
48
48
47
10
43
10
10
16
16
46
46
19
19
25
25
25
25
25
25
30
30
30
30
44
35
28
28
28
28
37
37
37
37
31
18
39
10
37
41
33
15
27
3
15
15
25
22
29
29
22
22
22
22
22
22
26
26
26
26
26
31
40
10
4
4
4
4
47
38
38
4
4
12
12
42
42
10
10
4
22
44
40
