23
20
19
44
44
44
28
45
45
45
45
29
29
29
31
29
29
29
29
29
1
4
24
24
8
39
42
42
48
19
19
46
34
34
47
15
15
45
12
12
12
12
1
1
49
49
24
11
11
11
11
30
30
26
50
1
1
19
19
19
28
28
28
28
17
17
24
24
24
24
24
22
15
22
36
36
3
3
3
15
3
20
20
45
37
13
31
34
43
43
43
35
3
3
45
45
17
50
31
31
31
37
38
21
7
27
14
45
19
43
43
43
32
6
6
6
26
10
1
41
45
8
8
23
23
1
1
29
29
37
25
25
22
22
25
38
15
18
7
7
7
7
7
11
32
32
1
24
24
36
9
9
9
9
36
28
28
47
17
19
19
21
50
17
17
41
41
41
15
28
11
39
12
12
12
12
8
8
8
15
40
40
36
36
6
6
6
6
6
6
49
49
49
49
7
7
7
7
21
21
21
49
