26
46
40
43
13
12
39
45
39
17
42
1
1
23
29
38
28
28
28
28
28
28
28
43
5
5
1
14
16
16
45
22
6
6
6
14
11
46
39
35
38
38
16
37
44
27
4
4
4
42
38
38
18
31
9
9
9
39
30
47
47
41
41
41
28
28
39
39
41
41
43
45
35
42
42
5
41
44
44
44
44
44
44
3
22
31
31
31
23
23
23
37
37
37
30
12
8
8
8
41
41
21
21
21
21
21
21
48
42
20
1
1
1
1
31
21
21
21
21
21
2
2
2
2
2
2
29
37
22
22
49
49
49
49
21
43
43
43
13
13
41
41
15
8
8
10
1
43
2
2
26
12
6
6
6
16
29
45
45
6
6
14
14
12
27
19
19
19
19
19
19
23
23
28
50
1
11
15
15
33
47
28
47
39
39
39
39
19
38
3
3
3
48
30
40
11
11
11
3
6
13
41
