47
21
21
21
18
18
8
8
20
20
45
36
36
36
47
47
40
40
7
7
7
7
7
44
45
45
45
40
30
30
43
39
31
25
50
11
11
11
42
15
3
3
3
48
2
2
2
48
48
48
16
16
47
2
46
46
6
30
30
32
26
46
13
25
26
6
43
43
43
43
43
43
26
47
47
47
12
29
29
29
29
37
43
30
30
3
3
3
3
49
49
44
44
44
44
10
10
10
39
39
39
34
34
20
20
29
4
4
4
4
4
4
2
4
4
32
12
12
12
12
12
31
31
31
31
31
31
36
4
47
47
41
27
24
48
34
34
29
15
15
15
15
38
32
32
32
32
32
32
36
6
49
22
29
29
29
21
38
16
16
30
30
16
16
49
27
50
21
13
13
13
11
11
22
14
14
12
7
7
35
39
39
39
39
50
50
50
38
2
2
2
2
36
36
42
42
42
42
26
22
38
38
