19
16
16
10
10
10
39
39
8
43
43
46
27
38
38
16
34
18
16
1
1
45
45
45
6
41
19
19
19
22
4
43
43
43
27
27
27
27
16
7
14
4
4
4
4
4
14
28
28
27
31
31
31
31
48
48
48
48
7
7
23
23
23
19
15
15
15
29
29
29
29
24
24
6
6
39
28
28
28
28
28
28
28
39
18
18
18
48
23
14
6
6
47
47
47
47
47
47
9
41
41
41
37
37
37
37
37
37
12
12
24
24
12
12
5
5
8
20
20
5
12
21
21
21
21
21
39
39
39
39
44
25
25
25
25
25
25
8
43
24
24
45
45
48
5
5
5
24
24
24
46
3
45
45
45
48
19
19
10
17
43
43
40
40
49
47
47
47
8
8
8
23
30
30
30
7
20
20
48
35
17
9
9
9
16
10
10
49
14
37
29
29
29
29
29
22
22
46
28
9
9
17
