3
17
17
41
41
6
6
8
8
8
8
8
29
25
3
7
18
35
35
47
10
30
26
26
26
26
49
1
1
1
1
1
20
20
12
40
40
40
40
11
11
11
11
11
11
11
11
11
4
46
46
11
11
34
34
34
45
38
18
22
22
49
6
47
47
47
47
23
18
11
11
27
27
27
18
46
32
32
19
11
11
32
32
32
32
41
41
41
27
12
20
20
20
20
21
17
9
9
9
9
9
49
45
5
5
5
5
16
8
8
8
8
6
43
36
36
2
2
27
42
38
48
50
50
28
28
28
28
28
28
48
21
8
8
8
8
15
33
33
38
23
23
27
27
7
7
26
26
26
48
48
48
48
9
9
9
9
30
30
8
8
42
4
14
6
6
6
46
50
6
6
6
6
6
38
49
5
5
5
5
5
5
27
49
49
49
49
48
49
49
43
38
38
4
4
21
21
21
23
23
48
34
