21
21
21
29
6
6
6
6
11
28
31
31
11
11
3
4
4
4
16
16
16
48
27
40
40
40
17
17
17
28
28
9
8
8
22
22
22
22
11
24
26
22
22
48
48
48
48
48
31
47
46
39
46
43
8
14
14
14
49
49
16
16
16
16
14
14
14
14
14
29
29
38
11
11
11
16
16
16
1
1
1
21
21
21
45
45
45
45
45
50
50
17
17
25
40
20
4
12
12
12
12
12
34
23
3
25
2
46
46
46
38
38
28
28
28
14
42
42
27
27
28
28
49
49
49
49
49
49
49
49
42
16
16
16
16
16
43
41
4
47
47
47
47
47
47
28
18
18
17
17
17
36
36
25
25
1
15
7
7
35
35
35
35
36
36
6
6
6
48
37
37
23
26
8
23
23
23
23
46
47
47
47
41
45
45
46
18
18
18
18
15
49
49
5
5
5
5
32
49
12
16
16
