13
35
47
48
48
48
40
7
14
14
5
32
4
23
24
24
42
45
25
41
31
37
36
36
36
36
47
47
47
3
3
7
7
41
41
41
41
4
4
4
7
7
7
7
25
25
7
7
37
40
40
40
39
48
38
38
38
6
41
42
42
28
28
28
28
28
20
20
49
49
11
39
39
39
1
1
39
49
49
49
49
49
17
39
39
17
17
50
50
39
19
30
11
9
3
3
42
42
42
42
39
39
7
7
30
46
46
16
16
16
16
16
16
50
47
43
43
35
28
35
7
38
38
4
4
10
10
1
1
1
1
1
1
40
41
32
21
23
23
23
30
30
32
41
41
41
41
18
36
36
47
47
42
42
13
13
13
34
32
32
12
15
35
5
45
45
45
45
45
21
8
10
26
8
8
26
26
41
49
49
24
18
9
9
20
20
11
11
11
11
9
24
24
24
24
10
10
3
30
30
3
31
