29
29
29
3
28
40
40
49
49
33
33
33
33
33
33
16
16
16
16
36
22
22
19
19
19
12
44
31
31
34
45
3
3
3
3
24
24
9
6
6
6
6
6
6
6
34
15
18
30
30
30
30
18
46
33
33
33
33
33
35
10
32
35
9
9
9
9
9
9
25
25
25
44
42
42
42
42
40
40
40
1
31
16
15
27
8
23
23
23
20
4
4
4
4
4
4
28
49
28
28
28
28
37
32
35
35
21
12
11
44
34
34
10
10
10
10
46
46
22
22
22
22
22
25
42
42
14
14
40
40
24
24
24
24
28
28
28
28
28
33
13
31
25
31
31
20
20
20
20
20
20
20
20
20
45
45
45
31
7
7
7
7
25
6
6
6
38
37
33
8
30
30
48
48
48
48
48
40
34
34
37
37
3
3
3
43
43
17
17
36
36
36
36
6
38
39
10
46
46
40
29
33
