12
33
20
37
37
37
37
37
26
26
44
44
44
44
39
25
41
41
12
28
28
28
9
20
50
8
8
8
16
16
1
1
31
31
10
45
40
3
48
48
46
46
46
46
18
18
1
1
31
31
31
15
15
31
31
31
15
16
16
41
26
22
4
4
24
24
24
24
24
24
24
4
4
41
41
41
27
27
8
25
25
32
17
29
18
31
49
49
49
14
14
14
7
22
22
22
22
22
35
48
48
31
28
28
28
28
42
36
36
36
36
36
19
50
50
29
29
29
22
22
21
21
37
37
49
7
40
4
37
37
37
40
40
40
40
40
14
14
50
50
50
17
9
9
9
9
9
12
12
12
26
3
3
3
12
12
12
12
12
5
5
36
36
14
42
33
8
27
27
25
26
25
25
30
30
30
23
23
32
4
4
45
45
44
44
3
3
3
34
34
34
16
25
23
49
49
1
1
1
1
1
1
