45
23
23
23
23
12
6
6
39
38
29
29
29
29
48
48
48
48
28
6
6
47
41
29
29
29
35
35
10
10
10
34
34
8
8
8
40
46
46
46
46
33
23
23
23
25
1
23
23
23
23
1
3
9
9
25
46
17
35
23
23
23
34
38
38
36
25
25
25
25
42
25
36
36
30
24
49
16
14
14
27
1
26
26
26
26
26
26
26
20
20
20
13
13
13
12
35
35
23
1
36
36
36
36
36
36
50
50
50
41
7
7
16
30
7
7
20
20
20
26
22
22
23
46
21
21
7
7
7
38
18
18
11
42
4
18
18
18
18
18
18
50
14
14
14
14
14
31
16
16
47
31
16
16
16
17
17
17
41
23
11
12
12
13
13
13
13
13
13
17
17
17
36
36
41
41
41
41
39
24
24
33
14
14
14
14
14
14
17
17
17
24
24
13
32
25
37
30
30
39
39
29
