3
17
17
17
12
6
6
48
48
48
48
6
22
22
22
42
42
42
13
13
8
8
38
43
18
18
29
38
38
38
19
19
8
8
27
29
4
25
25
25
10
10
3
47
34
14
42
42
42
42
42
42
19
18
18
18
44
44
44
21
21
38
38
38
38
10
10
47
47
34
5
50
39
39
28
48
48
48
48
48
48
48
36
36
45
45
31
31
1
25
1
38
19
18
18
18
18
18
18
18
5
5
5
5
47
47
45
18
18
49
49
44
44
44
44
2
2
2
2
20
14
43
15
21
21
5
5
5
5
48
35
6
12
44
44
38
38
49
37
37
37
11
8
8
8
33
33
24
24
24
44
19
31
31
31
31
15
14
35
40
15
15
15
15
15
16
6
30
30
16
43
43
43
2
2
2
24
24
24
24
25
5
48
48
2
2
49
33
19
7
7
41
41
10
10
20
5
19
30
23
23
23
