39
39
39
39
39
39
46
46
42
42
42
42
42
42
42
22
22
15
50
19
3
26
26
28
28
28
11
11
29
29
37
47
32
19
2
2
2
23
9
36
45
5
5
19
19
5
44
1
36
36
36
36
10
10
7
7
7
17
32
6
6
50
50
4
50
2
44
43
7
21
21
21
48
48
40
40
40
1
1
1
1
13
38
18
2
2
2
2
4
4
34
21
21
16
16
29
45
24
24
29
34
9
9
40
40
3
3
11
34
36
36
4
4
4
4
4
4
4
4
4
48
48
48
15
15
15
15
34
40
24
28
38
38
38
38
38
38
8
19
28
41
44
44
44
44
7
7
30
23
42
28
28
49
42
42
30
37
37
37
34
34
34
34
34
46
46
27
27
48
27
44
44
44
30
2
2
2
46
39
39
39
39
39
18
48
48
48
48
35
50
50
21
50
11
38
6
6
6
6
31
31
16
