13
21
21
21
30
30
30
11
11
33
33
33
33
33
33
33
28
46
11
11
41
41
10
46
46
3
34
8
8
15
48
48
48
48
48
4
4
36
36
36
36
29
46
44
44
44
15
15
6
39
39
50
1
1
46
29
29
7
7
7
7
35
30
30
35
49
15
3
3
3
3
3
3
3
10
10
10
5
42
42
25
25
47
47
47
47
47
47
36
15
43
19
6
3
3
35
26
3
28
28
5
50
3
41
41
18
18
36
36
36
36
14
47
47
29
38
38
7
7
7
7
15
15
15
15
15
20
20
20
20
5
47
48
33
33
33
39
1
41
2
2
32
17
35
35
47
47
19
19
19
19
26
41
24
39
19
19
20
44
44
44
31
31
44
44
44
44
38
38
38
38
28
28
28
33
15
44
39
39
39
35
35
24
24
24
19
19
12
12
50
50
39
1
1
9
6
2
14
14
14
14
14
