31
31
31
45
35
35
35
44
44
44
44
44
44
12
12
48
41
17
17
17
46
46
28
28
28
14
5
23
23
26
26
39
39
39
39
39
22
23
28
28
28
28
35
35
2
2
3
3
3
3
3
20
48
44
44
44
44
44
44
20
34
34
2
12
40
2
15
6
6
36
9
19
50
50
25
25
25
25
28
28
13
13
13
25
25
26
26
50
50
5
5
5
5
41
23
23
44
10
10
10
10
10
10
13
13
13
13
13
47
47
47
47
49
49
49
49
49
28
19
19
19
9
9
38
38
5
39
39
6
25
29
29
35
9
20
28
14
36
36
25
22
22
22
22
22
22
11
11
11
11
47
33
38
38
38
13
13
4
25
25
25
25
46
46
34
34
34
49
49
28
28
28
28
28
20
13
43
43
34
21
21
21
6
41
41
41
41
14
14
10
50
6
6
41
37
22
47
43
12
12
12
12
