14
13
36
36
10
39
28
28
46
24
17
17
46
31
26
50
50
25
25
31
19
45
45
45
45
45
9
9
9
7
7
23
23
23
21
21
21
21
21
6
6
6
6
6
6
35
35
35
35
35
24
24
7
8
49
49
49
30
38
38
4
4
30
16
7
29
29
29
29
36
36
6
6
6
6
6
6
30
30
30
30
6
6
6
5
43
1
1
44
44
44
9
9
9
50
45
45
45
17
17
17
17
17
17
50
50
5
36
36
26
26
26
38
38
21
1
5
5
5
5
5
4
4
9
47
47
47
47
47
47
38
50
50
50
4
4
4
4
31
31
31
21
46
46
46
46
46
46
46
46
46
36
36
17
41
1
1
1
1
17
17
17
44
44
11
11
11
11
11
4
4
37
37
37
17
17
46
46
46
46
1
24
24
48
6
34
34
36
36
13
13
42
42
42
9
9
1
23
23
23
23
38
