27
27
9
9
9
8
49
49
49
9
9
9
44
37
30
30
30
6
45
45
45
45
44
11
11
10
42
12
34
34
34
34
34
25
49
49
49
49
44
17
27
27
27
11
29
33
27
31
44
44
44
12
5
17
17
17
17
17
17
20
21
19
19
19
8
31
45
4
4
42
42
45
45
45
19
24
22
8
8
8
13
48
48
42
42
42
42
42
42
42
42
42
42
42
21
21
9
9
9
9
9
9
9
9
43
49
49
36
41
31
17
17
24
10
24
24
42
42
31
31
31
33
50
49
18
18
19
37
44
44
44
20
20
20
20
20
27
27
9
43
41
8
5
5
5
25
48
5
5
5
29
29
3
3
3
3
43
43
38
10
10
10
3
24
24
40
40
40
15
15
50
12
12
4
4
4
4
18
18
22
2
2
38
38
38
40
40
40
41
13
35
35
35
35
35
4
50
50
42
42
42
42
