35
35
35
35
35
12
12
24
24
24
24
7
40
40
40
40
40
49
49
49
37
37
37
37
23
23
35
35
35
35
35
35
35
35
34
34
10
33
33
33
44
44
15
38
38
29
24
24
24
24
24
24
15
15
15
15
15
15
7
7
27
12
42
42
42
42
42
4
4
24
7
20
20
20
34
16
16
41
30
28
40
8
8
8
28
40
40
40
40
17
17
1
1
1
1
5
5
5
5
21
40
40
25
25
25
32
20
24
24
24
20
34
34
42
42
50
16
19
38
16
16
24
24
46
46
26
26
9
9
9
9
9
7
50
50
50
34
6
6
6
6
6
6
36
36
24
24
25
25
28
28
28
20
20
34
34
48
48
50
12
12
12
12
39
39
39
13
7
7
7
19
19
43
27
27
22
22
22
22
22
29
19
42
42
42
42
27
27
27
30
9
20
20
20
20
10
10
10
27
27
19
29
