36
36
19
45
45
11
42
42
8
31
31
31
31
11
11
1
1
19
19
20
15
15
15
33
33
33
33
20
20
20
1
45
18
18
18
20
20
42
38
34
21
21
21
31
27
13
13
13
44
44
44
44
37
37
33
33
16
19
30
32
32
19
19
8
39
10
10
10
10
10
3
34
38
42
5
8
42
7
8
3
3
3
43
29
29
29
33
1
1
4
4
4
4
24
35
35
23
40
36
49
19
19
12
20
24
24
16
16
16
35
35
1
32
3
48
46
32
32
32
32
7
7
46
33
33
4
4
21
25
25
9
9
9
22
32
20
27
18
18
18
29
36
45
15
25
29
25
25
13
24
46
35
35
23
23
23
23
23
23
23
23
28
43
10
5
5
5
23
23
6
6
6
6
6
22
22
22
22
25
25
25
4
4
5
11
11
11
11
29
29
29
29
29
29
49
43
20
20
20
20
4
4
