44
44
44
44
10
10
26
26
49
49
7
7
7
7
47
22
22
28
28
28
31
31
5
8
8
5
27
43
37
23
23
23
23
50
39
9
9
7
7
44
12
12
12
12
12
49
49
49
49
49
26
26
37
40
24
18
18
20
20
20
20
12
12
16
24
39
28
28
25
25
5
5
47
17
17
4
4
4
10
10
37
8
8
8
8
8
3
3
27
46
46
46
46
1
44
43
4
10
7
24
24
32
32
29
29
29
29
27
1
1
1
1
1
1
1
1
1
42
42
9
9
14
31
3
3
3
3
48
19
19
7
34
34
39
18
18
18
18
18
14
22
21
31
34
29
29
27
20
18
18
22
24
43
43
15
15
15
15
15
31
42
36
21
21
21
3
3
3
3
4
4
4
13
39
41
41
41
25
25
25
25
41
41
41
27
31
31
33
13
13
13
26
26
26
37
22
22
22
43
43
45
45
