44
34
34
43
43
15
20
20
20
20
20
49
44
39
14
14
14
14
32
50
50
6
1
7
44
43
43
41
41
41
47
47
47
47
47
47
47
46
28
28
28
28
32
32
32
34
34
6
8
17
34
34
34
35
3
3
3
6
6
16
18
18
14
14
35
42
42
42
42
42
42
15
43
43
43
43
43
34
34
34
34
34
34
34
34
1
1
1
4
4
14
14
30
18
35
35
35
35
35
44
44
44
44
8
8
8
8
14
11
16
16
16
16
16
16
31
3
3
3
13
26
26
24
25
25
19
1
1
1
1
13
40
42
36
28
6
6
50
50
50
50
27
3
33
34
30
2
2
5
5
5
33
13
13
30
13
10
10
10
10
6
4
22
22
1
1
1
1
4
35
1
1
1
43
43
43
43
43
29
29
29
7
7
48
28
22
22
11
11
19
19
38
38
31
42
42
43
43
25
23
19
13
