5
12
38
45
45
12
12
13
13
50
50
16
16
16
16
16
16
1
40
40
40
40
40
40
36
36
36
8
6
6
6
42
42
43
3
22
43
43
43
48
48
48
48
48
44
44
50
50
50
50
50
50
37
37
37
4
4
36
21
21
30
30
30
30
30
49
49
9
48
48
41
32
32
11
11
24
47
47
47
47
47
50
36
11
24
24
28
32
32
32
32
32
9
9
9
46
20
3
23
8
4
31
5
50
20
20
20
20
20
20
20
22
41
22
29
47
16
16
4
4
4
4
11
11
44
44
33
21
21
1
45
42
42
32
32
32
32
32
32
27
27
11
11
11
11
6
6
6
6
6
14
40
35
35
35
35
20
15
15
15
37
37
37
37
37
47
2
2
2
2
31
31
11
11
29
29
1
1
24
24
24
6
6
6
6
6
27
27
27
27
27
13
6
20
20
29
29
29
29
40
40
40
