23
23
23
22
22
22
22
22
22
49
6
29
29
16
16
16
43
44
15
15
15
13
26
26
26
16
37
37
42
31
18
18
18
1
1
31
31
31
41
41
9
9
9
9
32
32
32
32
48
48
45
45
45
33
9
25
25
22
2
8
42
42
42
21
21
21
32
22
22
22
3
14
14
8
8
8
15
21
24
24
24
24
24
24
24
24
33
14
14
21
21
21
21
15
3
3
3
34
20
50
27
27
35
35
35
35
35
35
35
47
47
44
44
5
5
5
6
28
28
23
23
23
23
5
5
5
14
14
45
44
17
17
17
17
3
3
17
17
17
46
46
46
27
27
25
25
35
35
37
4
4
27
27
16
16
3
3
3
16
16
30
30
30
48
48
48
40
42
29
46
19
40
35
35
35
16
16
16
12
37
35
36
36
36
36
36
33
33
33
39
10
43
37
37
37
50
50
50
50
50
48
48
