8
11
15
15
14
14
14
14
14
4
17
17
13
13
45
41
1
1
1
32
11
45
45
45
45
4
4
30
15
15
15
13
7
7
45
8
8
9
43
11
8
8
8
8
18
18
18
40
47
40
19
19
15
15
15
15
26
6
14
14
14
28
48
48
10
10
28
28
44
44
44
44
44
18
18
39
46
46
28
31
31
31
27
27
49
49
49
49
49
36
45
43
32
9
41
21
42
16
35
39
37
50
50
26
26
9
9
9
9
9
33
24
24
17
40
40
40
40
27
27
47
29
29
44
44
30
45
45
45
45
45
45
45
45
14
14
11
11
11
28
28
28
28
28
28
28
28
24
24
24
40
40
13
13
47
47
47
2
13
7
33
32
12
12
11
45
50
33
33
38
3
40
40
28
28
9
9
39
39
29
29
4
4
45
49
49
49
43
43
43
24
47
9
50
49
7
49
33
33
33
9
21
