50
46
38
38
38
38
39
39
39
39
4
4
39
39
39
39
29
29
50
50
29
29
29
39
39
39
19
33
33
1
1
1
27
41
41
41
46
46
46
46
46
46
14
14
14
14
14
14
34
15
15
15
40
49
49
4
4
4
20
20
20
26
1
12
7
34
11
42
42
43
43
27
35
35
35
35
35
35
24
11
11
11
11
21
12
12
12
22
22
34
32
32
15
15
39
39
39
50
50
10
10
10
11
5
5
27
27
1
1
1
34
4
22
22
46
46
45
45
45
45
27
21
12
26
26
26
25
29
29
27
27
45
19
19
2
2
2
2
2
34
34
34
19
19
13
30
33
33
7
26
26
17
49
49
18
18
47
47
6
43
16
2
38
38
38
38
8
8
27
32
32
32
26
22
12
12
12
12
9
9
9
5
5
17
24
24
27
27
28
5
49
49
49
49
20
2
2
28
28
28
28
41
