27
27
27
27
7
7
10
10
10
10
47
47
47
47
47
47
26
13
33
33
15
15
15
50
14
7
7
7
7
21
16
16
16
43
9
28
38
38
14
26
23
23
23
23
33
33
33
33
33
33
8
8
30
1
1
1
1
1
1
36
26
23
23
36
36
36
22
29
1
1
26
26
26
26
26
26
26
7
37
1
34
44
27
27
27
27
27
27
27
18
33
33
33
47
47
24
35
35
35
35
35
21
25
44
44
28
28
25
32
32
14
29
36
27
37
37
37
25
8
1
26
16
29
14
14
7
40
40
40
40
40
40
9
48
48
48
31
15
15
15
15
15
45
45
18
4
4
4
4
4
36
11
25
49
46
7
7
48
48
48
22
22
22
22
22
11
46
46
46
46
40
11
2
2
2
2
11
11
11
21
7
7
7
7
29
37
44
44
44
31
31
31
43
43
43
26
26
26
42
37
17
17
