19
19
19
19
11
47
47
47
47
5
5
5
5
43
43
40
40
25
25
13
13
20
41
41
39
48
48
48
15
27
29
37
35
35
35
18
23
19
19
19
49
49
1
1
3
3
6
6
18
18
2
45
45
2
2
36
24
24
11
11
11
47
30
30
45
45
45
45
45
28
28
28
28
28
27
27
46
46
49
49
49
49
5
38
11
11
11
11
6
43
43
43
20
20
47
31
46
21
39
39
26
15
17
44
10
10
17
17
29
29
29
42
21
21
36
36
10
10
7
7
19
18
46
46
11
11
49
7
19
19
19
19
49
49
49
49
49
30
42
40
29
19
19
10
10
10
13
49
49
49
49
49
49
49
11
38
25
25
25
46
37
39
39
39
9
9
9
9
9
9
9
9
48
39
39
39
47
22
46
46
11
11
43
13
20
46
46
46
4
4
13
1
42
42
16
40
13
19
19
45
45
45
