45
32
5
5
5
5
26
31
31
31
31
31
33
32
5
6
34
24
24
24
18
18
43
43
8
8
8
13
13
10
36
36
36
36
35
35
13
49
49
1
43
43
7
7
36
12
23
42
42
14
14
9
9
9
9
34
34
34
37
34
34
34
34
30
42
42
4
48
2
34
29
17
24
30
44
19
25
14
10
4
18
46
33
20
20
20
2
33
33
6
33
23
23
24
24
24
39
46
46
45
6
6
43
43
25
25
6
39
7
7
7
34
34
47
36
19
19
19
19
19
1
1
1
1
19
19
19
19
19
48
48
34
48
9
9
18
30
34
7
7
7
47
47
47
1
1
1
1
46
18
1
1
46
47
47
50
50
16
33
3
39
39
39
35
35
35
35
22
42
42
42
14
33
9
38
13
12
12
12
26
13
13
13
13
33
33
2
48
46
46
46
5
36
5
5
33
33
39
39
39
31
31
