49
22
33
33
12
12
12
12
12
18
18
18
19
44
26
26
26
26
37
1
1
1
1
3
12
23
23
23
33
13
47
18
12
4
4
13
13
13
21
21
20
20
42
42
42
42
29
2
23
23
23
23
44
44
46
7
7
49
49
49
39
39
15
15
42
42
4
8
1
1
1
1
19
19
22
43
10
10
10
44
42
42
48
48
48
18
18
18
3
3
24
24
33
33
9
9
47
16
16
16
6
21
21
40
39
39
39
38
6
33
25
25
25
43
43
43
38
38
38
11
21
21
29
14
49
49
49
39
42
42
7
7
44
45
45
45
45
45
9
40
9
9
9
28
28
28
40
40
40
40
13
13
22
22
9
32
32
44
44
44
44
44
44
44
44
44
39
39
5
5
41
44
44
18
32
1
1
1
8
8
33
25
24
24
24
24
24
24
24
9
27
45
45
35
35
35
35
35
3
3
42
42
