15
15
42
31
4
25
15
45
33
33
36
29
29
29
29
29
29
29
29
29
14
14
14
14
35
37
37
37
44
44
1
1
1
45
45
17
17
10
19
10
10
26
12
6
32
32
33
33
33
33
5
50
50
50
50
47
23
44
44
19
19
19
19
15
15
15
15
21
42
42
42
12
12
46
29
29
13
5
5
5
5
14
14
14
14
25
5
5
5
43
45
45
45
45
45
45
35
15
15
17
20
20
20
3
22
22
22
7
7
7
7
35
50
21
21
21
34
34
37
37
37
18
18
25
25
25
25
25
27
27
22
12
2
2
2
2
33
8
48
30
30
40
40
17
17
17
47
47
19
19
31
31
34
34
34
34
26
50
34
34
34
35
35
41
21
24
24
24
24
37
37
37
49
49
41
41
32
10
40
28
47
19
17
17
17
17
25
25
25
49
14
14
14
14
14
39
19
19
19
19
19
4
