4
38
38
38
38
38
27
21
21
21
50
48
11
11
23
2
2
43
36
18
18
18
18
18
45
45
41
41
39
39
31
31
31
31
31
31
4
4
41
50
50
16
20
50
33
25
22
37
37
37
40
27
14
14
12
22
22
30
13
10
10
25
40
33
33
33
32
41
41
38
17
17
17
17
12
12
18
18
18
18
27
18
18
18
23
45
18
18
21
13
13
27
3
3
3
3
43
43
43
8
20
20
20
48
44
44
44
35
35
35
35
14
14
14
14
20
34
34
7
27
27
29
6
6
20
5
26
26
26
26
41
11
1
1
1
15
15
9
37
37
37
37
37
14
2
2
14
40
2
2
38
28
43
19
43
12
12
12
12
12
37
25
36
36
16
16
16
5
31
1
25
25
48
48
4
40
2
12
12
12
38
36
4
4
4
45
36
41
49
49
49
49
25
42
42
42
42
42
42
42
48
27
