47
47
47
47
47
47
42
42
42
45
45
13
13
36
36
47
47
24
45
31
31
31
31
31
31
50
50
50
50
50
50
50
50
50
50
33
45
45
11
30
20
17
17
17
17
12
14
14
14
18
18
34
34
34
34
34
33
39
39
37
21
21
34
34
34
34
34
23
23
23
23
23
23
49
49
26
26
26
50
50
7
7
38
18
34
34
31
31
4
4
5
2
21
25
28
28
29
29
18
33
33
45
45
45
45
45
13
13
13
13
9
20
41
41
25
25
12
30
30
30
4
44
44
13
15
15
15
25
2
50
50
50
49
30
24
32
25
25
24
29
22
22
22
22
22
22
30
5
20
20
42
42
42
42
42
42
42
42
35
35
35
35
24
24
24
5
5
10
10
10
21
21
21
21
21
21
21
21
21
21
35
35
11
10
10
10
10
10
45
40
37
37
37
37
37
37
37
11
11
11
27
27
