12
12
12
12
12
12
15
15
15
15
15
45
45
45
45
12
8
8
15
15
20
20
37
48
26
44
43
34
2
27
27
35
35
2
2
11
29
29
6
6
3
3
2
33
33
33
33
33
4
5
5
5
45
45
25
34
34
27
27
27
27
27
26
26
26
26
26
36
36
36
36
15
15
15
45
8
21
22
13
13
13
13
13
13
13
11
39
39
39
33
33
33
33
33
33
33
21
21
21
44
44
6
22
20
1
1
1
1
1
1
1
1
38
38
2
2
2
26
39
39
40
6
48
5
5
5
33
10
10
33
33
33
33
33
33
39
39
39
17
17
17
32
32
42
42
21
21
36
36
32
28
31
31
11
12
28
28
28
28
28
23
23
23
32
32
14
14
14
28
28
28
40
40
22
22
22
5
45
45
17
17
17
17
42
42
42
42
44
44
44
44
44
16
16
47
47
29
7
32
32
16
44
