19
19
19
50
50
50
16
16
16
16
16
16
16
16
16
38
38
38
38
38
50
28
28
42
42
42
42
42
42
42
18
18
18
15
30
30
35
40
40
40
40
50
50
50
50
10
36
36
45
45
2
24
12
41
41
3
14
49
5
5
5
5
5
5
5
5
5
5
33
33
33
31
29
29
25
25
25
25
25
25
25
25
46
8
20
39
39
39
39
17
22
6
6
3
6
6
9
40
40
40
40
40
39
14
34
34
34
27
27
27
21
21
21
21
21
21
21
21
21
21
6
6
48
48
39
39
27
27
34
2
16
24
7
7
7
23
23
9
9
9
1
36
43
43
43
16
32
19
19
48
48
49
1
1
19
7
27
27
8
8
8
37
37
37
37
37
19
21
21
35
23
23
45
45
9
3
42
42
5
2
2
36
36
1
8
17
36
49
41
41
18
19
1
1
1
1
1
1
49
25
41
2
