26
4
4
4
4
4
2
2
13
13
43
43
43
39
22
22
7
2
2
46
11
11
11
11
11
11
29
29
29
29
16
16
25
25
10
10
41
40
33
50
50
10
10
1
1
1
26
26
26
26
26
26
26
48
33
33
35
35
48
48
48
28
28
5
34
39
39
3
13
50
50
50
48
41
41
47
33
24
24
24
24
24
24
23
23
5
30
16
25
25
25
20
14
14
14
4
11
16
49
5
5
5
8
16
29
29
3
3
3
16
23
11
11
35
35
32
36
36
22
42
21
21
22
22
5
29
8
8
26
26
26
26
26
22
22
25
25
26
25
25
25
25
5
5
8
8
8
21
21
9
25
33
33
37
46
46
46
21
21
32
44
37
19
19
19
33
29
34
34
34
34
34
34
34
34
39
39
13
13
13
27
46
16
15
8
8
8
35
22
17
21
47
47
47
47
47
36
2
2
2
2
2
