8
33
18
18
18
18
50
12
12
12
15
34
34
2
2
2
9
50
50
50
50
50
24
33
29
29
27
27
25
17
10
29
29
29
29
46
46
19
44
44
11
11
20
48
48
13
13
48
48
48
48
48
42
35
35
46
28
28
28
7
28
28
25
46
42
4
47
47
45
45
11
11
11
11
37
48
10
24
25
25
25
34
42
13
49
49
19
48
41
28
42
30
30
36
36
36
47
18
18
18
21
21
21
12
12
12
50
50
4
4
36
46
46
27
41
41
13
13
13
13
13
47
11
11
30
22
22
17
17
17
24
24
42
46
11
19
19
19
15
15
15
12
12
12
12
32
30
30
25
25
23
45
45
45
45
32
32
34
39
17
17
11
28
28
47
47
47
21
22
17
45
38
22
14
14
34
16
8
32
39
39
39
18
24
14
14
43
5
5
48
48
44
44
44
44
26
2
5
1
1
1
1
