16
16
16
16
16
16
22
27
3
3
3
3
20
13
13
13
13
13
13
43
43
43
45
35
41
41
41
50
4
4
40
33
33
34
34
34
34
34
34
14
9
9
9
36
35
35
41
41
35
35
35
35
50
32
32
29
29
41
41
41
41
31
31
31
31
24
24
24
24
24
24
24
37
37
10
10
34
34
34
39
39
12
12
12
12
12
12
12
12
7
43
43
43
24
24
24
17
20
20
5
22
33
17
17
13
12
12
39
4
4
20
15
15
47
47
38
38
35
24
24
9
42
41
28
28
28
43
43
15
15
15
15
5
25
15
30
28
28
28
31
30
30
30
12
12
12
14
43
43
46
46
46
24
24
24
27
5
43
43
43
43
43
43
49
49
20
20
28
5
5
43
50
50
14
14
6
28
28
1
1
50
9
9
9
32
33
33
3
21
28
28
28
28
28
28
22
22
49
50
32
32
32
