45
27
27
9
15
18
18
18
34
8
8
39
33
33
24
19
19
19
19
19
19
7
7
7
12
12
12
12
24
2
2
26
26
26
26
39
39
39
42
42
25
3
3
3
48
48
48
48
36
36
41
11
19
34
25
28
28
41
15
15
15
15
27
27
46
17
26
9
9
49
2
2
2
40
40
40
40
37
6
6
6
30
30
30
30
30
30
30
30
26
40
40
9
9
9
7
7
4
4
36
36
36
36
36
36
36
36
36
36
36
15
15
9
9
21
21
21
16
39
39
8
8
34
40
40
40
49
49
49
49
32
45
38
8
32
32
32
42
20
8
8
32
46
32
34
34
35
35
3
46
46
2
5
37
37
42
31
31
32
32
11
11
6
6
6
6
6
45
45
27
45
45
45
7
7
7
21
21
21
21
21
50
50
3
3
27
13
13
13
41
41
42
28
28
46
46
46
46
46
2
2
40
