44
44
15
15
34
34
3
24
24
24
24
24
24
26
26
33
33
1
1
1
1
26
26
26
13
14
14
14
41
29
29
29
29
29
27
27
16
16
16
34
16
16
16
34
34
34
34
34
9
44
44
33
33
33
33
33
33
33
33
30
43
43
7
13
48
48
48
48
13
13
13
13
36
36
43
19
19
38
26
26
26
26
9
9
13
49
49
49
49
10
18
35
3
12
49
1
1
1
1
42
42
42
14
14
14
29
10
12
14
17
14
14
14
14
39
39
39
39
24
24
11
11
49
49
49
47
50
50
10
10
10
50
49
27
28
28
28
23
26
19
15
3
47
47
4
4
5
5
5
5
5
29
35
1
17
17
17
17
10
9
9
9
9
9
9
4
37
39
18
3
3
7
15
15
15
15
47
18
18
33
10
10
50
38
48
33
33
8
8
8
30
20
20
27
31
3
3
14
1
1
1
1
