41
41
6
6
1
43
12
12
33
33
33
33
41
32
37
37
37
37
19
46
46
46
47
21
21
21
21
21
21
22
22
22
22
22
1
1
43
16
7
34
45
45
50
27
27
17
17
17
24
31
31
31
31
5
44
44
44
29
29
29
29
15
15
15
15
15
26
26
16
16
16
16
16
16
42
13
13
13
13
13
13
39
11
11
37
37
37
22
40
40
40
10
10
10
10
24
39
17
7
44
44
44
44
44
44
36
36
36
37
37
28
28
28
37
17
17
8
8
36
8
36
36
17
19
16
23
23
23
27
27
27
13
13
16
16
16
16
16
30
2
19
19
19
19
11
11
11
25
25
25
25
38
10
10
10
10
10
5
5
5
43
11
11
11
41
47
47
47
47
17
2
33
33
33
33
6
12
36
36
19
19
19
19
35
15
15
42
42
18
40
47
47
19
21
32
32
29
24
24
24
24
36
