33
33
3
36
36
36
36
36
36
26
26
19
19
44
44
14
19
50
4
4
4
4
5
2
2
2
13
18
18
25
25
25
17
17
25
41
3
3
3
45
17
17
17
16
34
34
34
2
2
47
46
46
46
8
41
41
9
9
43
46
4
4
4
16
21
21
21
24
49
49
18
18
18
18
18
18
18
18
18
18
18
41
42
8
20
18
18
18
13
13
47
15
15
15
31
25
25
27
27
26
26
26
38
16
16
41
12
22
22
29
38
35
8
1
16
16
16
37
37
37
37
37
37
21
9
9
9
9
40
30
30
35
41
29
9
24
24
5
5
5
5
43
27
24
42
36
33
37
49
49
49
24
9
9
9
32
32
31
19
6
39
20
1
1
26
2
16
16
25
28
28
28
16
16
16
16
16
37
37
37
39
2
2
43
43
43
43
34
28
26
26
26
38
38
9
24
36
2
49
44
16
43
