40
40
10
10
44
4
25
25
25
25
22
3
7
7
7
7
8
12
32
8
8
9
21
21
21
4
4
4
3
48
48
42
42
11
11
30
30
49
14
14
38
2
2
18
18
42
15
15
48
48
48
48
48
26
2
29
32
12
34
43
43
17
17
17
17
17
36
36
36
36
47
17
17
32
32
32
32
32
32
32
32
32
6
34
27
26
26
31
9
17
17
17
17
17
17
17
17
44
38
38
38
38
38
38
38
23
23
50
33
23
23
23
23
17
17
17
17
17
11
11
11
6
18
2
2
10
10
35
35
35
39
43
24
21
21
29
11
47
47
26
30
30
32
32
32
32
32
11
37
37
43
43
49
12
12
22
22
22
22
22
3
42
12
12
12
4
4
4
4
24
24
24
24
5
36
4
4
4
4
4
4
5
5
5
21
3
3
43
2
2
21
21
21
21
21
36
28
44
44
44
10
34
