18
30
30
9
39
39
39
5
5
2
2
44
44
44
34
34
12
12
12
14
14
6
11
23
23
23
23
23
23
23
23
23
23
23
23
44
49
45
38
18
38
38
38
21
6
49
49
37
37
14
16
11
32
3
3
30
30
30
30
30
30
30
30
30
34
43
43
43
34
34
34
22
22
22
22
4
12
12
12
39
39
39
39
20
20
20
20
28
4
29
49
49
49
8
16
16
49
43
43
43
43
19
1
29
20
20
20
20
20
19
19
19
19
19
19
47
26
26
26
31
6
16
16
16
16
7
7
7
33
47
9
23
23
9
9
9
9
29
29
29
29
10
10
30
30
30
30
30
30
26
2
19
19
33
8
8
18
18
18
1
8
8
21
3
3
3
3
47
47
47
47
47
47
11
41
41
41
29
33
33
40
11
7
8
21
19
19
34
34
34
34
48
12
33
35
38
39
39
14
14
14
32
