36
2
2
2
49
34
5
16
3
3
47
26
26
26
26
42
38
38
38
5
5
13
15
15
9
47
11
27
20
46
46
44
20
20
33
33
33
33
1
18
41
21
21
21
39
41
11
11
5
5
5
9
9
9
41
48
48
48
48
48
16
16
11
29
38
38
4
41
41
41
41
41
37
37
37
37
37
37
45
45
45
45
47
47
47
1
1
1
8
18
18
18
23
23
23
8
8
8
8
8
29
12
14
14
14
14
14
14
33
15
41
13
42
42
42
42
26
47
47
47
2
19
46
46
46
49
49
49
45
45
21
21
21
21
4
4
4
50
22
22
13
13
13
49
49
49
18
31
24
5
39
39
27
2
39
8
8
8
10
25
25
13
13
13
2
2
50
8
8
8
31
13
45
45
14
14
14
37
25
27
6
35
29
39
39
5
27
27
27
30
30
30
30
4
23
44
44
21
21
12
24
15
