44
44
44
37
21
21
46
46
42
2
2
2
21
21
26
26
35
35
35
35
35
35
14
14
42
47
7
7
2
33
33
45
10
18
18
48
1
31
31
26
26
26
26
26
26
41
35
35
30
30
30
30
8
8
27
6
6
43
43
43
43
43
39
39
43
18
27
35
35
35
35
5
3
40
40
31
2
30
7
7
7
7
7
22
22
22
5
31
48
10
10
17
35
4
43
43
5
5
5
46
50
17
17
17
22
45
45
45
45
45
12
12
8
8
26
26
9
27
27
15
30
30
30
30
35
18
18
18
18
18
18
18
39
39
39
39
9
27
27
23
23
13
38
38
38
38
38
38
38
38
38
33
33
15
50
50
50
26
26
26
39
39
39
23
23
23
23
23
48
6
6
31
31
31
49
49
47
42
42
42
44
44
44
45
45
45
45
31
31
32
3
43
43
43
34
34
34
34
42
2
2
31
