14
14
23
23
23
23
23
23
23
23
23
8
8
8
12
20
20
20
20
20
20
20
25
12
12
49
49
49
30
30
50
2
49
49
49
49
20
20
3
40
40
40
40
33
27
27
43
43
49
49
48
48
48
17
35
35
4
13
13
42
42
16
30
30
50
17
17
14
14
3
32
32
44
44
44
44
39
39
6
19
38
38
12
12
34
34
3
29
47
35
7
7
7
7
7
7
49
49
15
29
18
18
49
5
5
5
5
20
38
38
45
28
9
30
30
42
42
42
34
19
19
19
19
29
29
29
3
13
12
12
12
12
2
37
37
37
37
26
26
43
43
43
28
28
1
1
1
24
24
16
16
16
14
14
14
38
38
41
11
21
21
21
40
5
40
45
11
25
25
25
35
35
11
11
32
32
32
32
32
30
15
24
43
24
45
36
2
40
38
38
38
38
16
31
31
9
9
40
28
38
25
38
