22
34
34
6
3
3
3
3
13
13
17
43
7
38
38
47
35
35
35
26
13
13
13
45
45
40
49
49
49
49
39
43
37
37
37
37
36
36
36
49
49
49
26
26
11
11
33
49
46
46
46
46
7
7
40
21
29
25
28
28
28
28
29
29
29
47
38
38
38
27
32
39
39
20
20
1
1
1
36
36
1
7
7
22
22
22
22
15
36
36
36
36
43
43
35
46
46
46
24
30
25
48
48
6
6
50
50
50
50
50
50
50
50
50
3
3
21
21
17
11
38
27
29
29
29
46
46
29
29
28
28
4
17
17
17
24
24
49
49
49
24
20
49
49
30
31
19
19
7
7
7
50
34
37
37
44
37
47
2
2
50
46
46
19
49
31
31
40
40
34
32
41
50
50
50
11
11
13
13
12
12
5
5
5
30
23
46
43
43
14
14
23
23
23
8
8
8
8
29
14
7
7
