46
46
29
7
18
18
6
6
6
6
16
16
33
26
26
30
26
16
6
42
29
9
22
22
22
17
17
17
17
17
6
6
6
6
6
32
32
32
32
9
9
48
1
1
1
1
1
7
6
41
11
11
11
11
11
45
28
35
35
26
39
39
39
36
36
36
36
36
36
36
39
1
1
1
1
18
18
18
22
26
35
35
26
46
46
6
6
6
44
2
48
48
35
35
21
21
21
9
36
36
36
36
36
36
36
36
36
36
44
13
42
19
19
19
19
19
19
19
46
6
6
22
14
35
1
1
1
1
14
45
13
13
13
46
21
21
17
29
18
21
21
21
24
10
10
10
10
10
33
33
24
39
14
14
18
18
18
9
18
49
49
6
26
26
19
19
30
39
24
24
24
24
14
14
18
18
42
13
13
37
37
10
10
10
45
45
45
26
26
22
22
22
22
18
49
49
49
49
35
35
6
6
