38
32
46
46
1
24
16
16
16
29
23
23
23
7
7
31
31
12
12
2
2
39
42
49
49
43
1
1
1
38
38
38
5
17
2
2
38
26
26
26
33
33
23
23
20
12
10
10
27
31
46
19
19
39
26
26
30
30
30
30
43
43
43
48
40
2
2
2
2
2
9
9
9
9
48
48
12
37
15
15
50
50
50
30
30
35
33
39
7
14
14
14
14
7
32
32
1
44
26
26
44
44
19
19
19
19
12
2
2
2
2
2
23
23
49
37
37
16
16
37
49
49
25
25
17
17
30
30
30
30
2
2
2
50
50
50
50
44
32
48
7
20
42
26
3
3
40
21
43
43
43
20
20
12
27
1
13
3
3
3
3
3
9
9
9
1
1
37
12
12
12
24
24
24
6
6
19
19
38
49
49
46
4
4
32
32
16
16
5
32
32
32
1
37
37
26
26
47
37
21
21
31
