13
13
13
13
26
35
30
30
10
10
10
31
31
50
50
50
50
41
49
49
49
46
40
12
12
28
44
41
22
22
50
50
1
18
34
34
34
38
8
5
5
28
48
49
49
43
47
31
23
20
20
20
10
10
10
10
10
1
35
26
26
28
39
39
39
39
39
39
39
39
36
36
19
23
23
41
21
21
47
47
46
19
19
19
19
27
27
50
50
11
11
12
12
17
18
18
26
11
35
1
29
31
31
31
31
31
28
28
28
1
13
28
10
10
10
10
10
10
40
40
40
40
49
12
40
43
43
43
46
6
1
38
38
38
38
41
17
3
5
5
24
24
17
3
3
40
40
40
40
40
3
16
15
29
29
1
1
10
16
39
39
39
46
16
16
22
22
22
22
35
35
49
49
2
2
2
2
16
16
16
16
16
35
35
2
2
2
45
45
40
27
27
27
27
30
37
37
50
50
50
1
41
