36
10
25
23
44
44
22
38
29
50
50
50
50
50
7
20
20
20
13
13
13
36
36
11
35
35
43
43
43
21
41
40
40
40
40
43
43
43
43
43
43
21
21
16
16
16
16
7
7
22
22
47
47
47
47
47
16
16
41
32
29
29
39
39
39
39
32
28
28
28
36
7
7
7
34
2
47
47
47
47
19
19
19
19
27
27
36
25
50
41
49
49
49
11
12
12
12
50
20
50
27
18
18
35
35
35
35
35
5
10
10
38
9
9
5
11
25
25
25
25
25
25
25
25
29
30
30
30
35
35
35
35
35
35
27
38
22
22
20
20
9
3
3
3
3
3
17
41
49
49
49
49
49
21
21
26
42
42
5
5
5
5
36
47
17
17
17
2
35
11
11
11
11
11
11
11
11
11
48
48
49
14
15
4
10
6
25
7
48
48
48
48
43
43
43
39
30
30
30
30
11
11
