36
6
41
41
41
38
5
2
7
40
40
44
44
40
48
48
48
48
48
48
48
7
7
43
11
11
3
3
3
29
13
20
32
30
30
49
14
14
36
36
36
36
44
18
11
49
49
16
27
27
27
27
7
7
7
8
8
29
35
47
47
26
6
6
24
33
44
14
11
11
11
11
22
22
34
50
47
47
47
9
9
23
29
29
29
29
29
18
10
10
43
43
43
19
19
25
25
11
35
32
44
16
16
16
16
16
16
16
16
16
11
11
34
16
16
45
36
36
30
30
7
7
38
34
26
22
22
17
17
17
17
45
45
49
49
49
19
16
2
2
2
12
13
13
34
34
34
45
45
45
45
29
29
29
11
23
23
23
23
33
24
29
12
12
12
12
8
28
28
32
10
10
7
7
7
9
41
24
50
50
44
44
44
23
23
23
8
8
8
50
50
40
22
22
22
15
15
6
6
41
41
41
