26
26
26
26
49
49
49
49
49
15
15
28
28
7
7
15
15
4
34
34
34
32
32
32
32
32
32
32
32
32
30
30
10
25
23
23
47
4
4
47
47
47
34
34
34
34
25
25
25
30
37
37
37
19
19
19
32
32
26
49
36
14
31
31
31
31
47
16
44
44
30
30
30
30
30
49
49
7
7
18
5
44
44
15
15
15
48
48
19
8
8
8
46
46
46
46
49
2
2
10
10
3
3
3
10
10
37
41
41
41
48
15
15
15
1
39
39
16
16
22
17
16
23
35
35
35
39
28
37
36
36
36
36
36
28
25
10
10
36
36
36
20
20
25
20
20
50
4
45
27
27
46
17
17
17
17
17
17
17
44
44
21
21
21
21
21
46
18
47
37
2
39
36
47
47
47
13
15
15
4
4
45
45
45
45
36
36
36
39
28
28
45
44
44
44
44
44
44
44
36
33
33
