48
33
33
33
33
5
5
48
6
33
33
1
44
44
44
44
44
34
34
32
15
15
8
8
8
8
14
7
41
49
49
49
49
23
42
42
42
34
25
50
13
13
23
38
38
38
11
11
16
45
30
30
30
30
39
39
39
39
39
39
35
35
23
23
23
22
22
5
5
47
47
47
47
31
31
4
4
4
4
4
29
29
29
29
29
6
34
21
42
42
50
50
50
50
50
49
44
44
35
35
41
11
11
11
38
41
41
41
24
38
38
7
4
4
49
49
30
30
30
5
5
33
25
25
25
29
36
39
39
32
31
31
45
13
49
49
30
6
6
6
44
47
40
23
43
29
23
23
11
11
11
11
11
11
11
11
13
13
13
5
41
41
6
21
21
14
14
14
26
3
3
3
3
36
36
23
49
9
9
39
18
18
17
17
17
20
25
13
44
44
44
18
8
8
8
8
8
2
4
29
29
6
