25
16
16
21
21
31
40
40
12
1
8
8
36
36
36
36
45
40
40
40
47
21
49
47
4
15
47
47
24
24
34
34
34
26
26
45
14
20
20
32
32
21
38
41
41
41
49
12
3
3
30
23
10
10
46
15
15
15
42
42
37
37
37
37
37
37
37
37
43
49
25
25
25
25
25
25
25
46
29
3
3
3
3
7
4
50
50
45
1
1
37
29
29
19
19
19
27
27
27
27
46
12
19
8
8
8
8
39
28
28
8
19
34
6
1
32
32
32
38
38
38
38
23
36
39
39
39
7
7
14
24
3
16
15
18
37
48
48
48
48
50
21
21
21
29
29
29
29
27
27
27
15
15
15
24
24
24
24
24
24
9
9
19
16
16
13
13
13
12
12
7
10
10
17
16
16
21
6
6
8
8
29
29
29
50
50
36
36
36
20
20
23
23
23
23
13
2
24
24
12
24
42
