5
5
7
37
46
41
22
26
40
40
40
46
46
18
18
11
11
11
37
37
37
37
19
30
30
45
44
2
39
39
39
39
39
39
39
39
39
39
39
48
48
38
38
3
3
12
12
24
8
28
25
35
35
35
35
35
35
32
32
30
38
38
38
37
37
46
6
6
19
37
47
47
47
47
24
24
7
7
36
36
43
43
43
43
38
38
13
27
31
28
35
35
3
28
47
32
32
9
40
40
40
45
7
9
9
10
10
4
2
2
2
2
2
2
2
9
9
20
20
20
42
42
42
7
7
7
7
7
7
7
14
14
14
4
41
50
50
50
3
3
3
12
17
43
43
25
25
25
25
25
25
25
9
9
36
17
17
17
17
17
2
39
39
39
11
11
11
7
31
31
31
31
31
16
16
16
16
47
48
48
44
44
44
32
32
32
32
26
26
26
38
38
5
5
24
16
16
16
37
37
25
25
