18
18
29
39
41
16
21
21
21
21
21
21
31
31
22
22
22
22
21
21
27
27
34
24
7
8
8
8
8
8
8
8
8
47
33
33
33
48
23
23
23
23
23
4
34
15
13
13
13
37
37
37
49
36
11
11
11
23
21
21
44
10
16
3
12
41
24
24
24
24
24
24
31
31
31
31
8
8
27
27
41
37
19
9
9
9
9
9
9
7
15
15
15
3
3
3
3
36
10
10
6
17
38
22
22
22
15
46
26
22
21
33
33
18
36
36
36
36
36
17
17
17
17
17
17
17
26
29
16
16
16
16
16
6
6
6
3
3
29
31
31
31
2
2
2
2
23
15
30
30
49
45
45
45
45
45
9
28
16
16
16
5
5
5
5
5
50
50
24
24
4
44
44
44
44
44
44
44
44
36
28
47
47
33
29
29
29
12
12
12
14
14
14
16
16
16
36
24
47
47
11
11
