30
30
30
30
49
13
13
13
35
35
35
35
35
35
41
41
41
41
41
41
41
41
41
13
13
13
13
35
35
35
30
30
30
30
30
30
2
30
30
30
30
22
22
22
30
30
30
30
22
22
30
2
30
30
30
30
35
35
35
35
13
35
35
35
35
2
2
2
35
49
49
49
41
2
2
35
35
35
30
49
49
49
49
49
49
49
41
41
41
41
30
13
2
2
2
49
49
49
49
49
22
22
22
2
2
2
30
13
13
2
49
49
30
30
30
13
13
13
13
13
13
49
49
22
35
35
2
2
2
2
2
2
2
35
35
35
2
49
22
22
22
49
35
2
2
30
13
13
13
13
22
22
22
13
13
49
2
2
22
22
22
22
22
22
22
13
13
49
35
35
35
35
35
35
13
13
13
13
49
49
49
49
2
2
13
49
13
13
13
13
13
35
35
49
49
30
30
30
22
22
22
22
