46
45
45
21
21
21
43
26
32
28
33
38
38
38
38
3
3
3
26
26
26
26
26
47
22
32
32
32
32
32
32
32
32
32
32
32
32
1
1
48
16
7
7
7
25
25
41
41
41
28
23
24
1
50
50
50
34
34
34
27
27
27
27
27
4
10
14
25
25
25
25
28
28
28
28
5
4
21
31
31
31
28
23
23
16
16
4
4
4
30
30
7
7
2
2
2
18
18
49
30
30
34
34
1
1
25
39
19
34
34
26
26
26
26
10
17
17
17
41
45
49
17
17
39
39
39
24
24
3
3
3
16
30
30
22
22
22
47
12
10
10
10
10
48
48
5
41
41
41
41
41
8
8
43
34
35
35
35
35
35
14
18
18
18
19
27
48
48
48
11
11
42
42
48
48
6
21
8
24
29
31
31
48
22
16
10
33
24
27
43
17
39
39
39
39
31
31
24
13
3
3
3
