11
11
11
11
11
11
11
11
39
13
17
17
17
17
6
30
18
11
26
12
14
21
38
38
30
28
15
15
45
35
35
10
46
18
29
29
29
35
35
23
23
23
29
30
30
11
31
31
33
33
50
50
50
50
50
1
1
1
1
50
50
50
47
36
46
46
46
19
27
45
45
45
43
43
43
43
43
43
25
39
50
17
17
17
17
17
17
36
43
43
43
43
43
43
12
12
36
36
36
36
36
36
1
41
10
18
18
26
14
5
38
12
12
6
41
29
29
29
43
35
35
7
29
11
50
6
6
15
34
2
2
2
47
43
43
18
18
18
18
18
15
13
13
48
48
1
8
32
32
28
28
24
24
22
22
26
48
48
48
24
5
5
5
49
49
49
45
45
39
39
13
5
32
32
36
36
23
23
23
23
47
47
47
47
18
12
12
43
23
23
23
23
23
23
47
14
20
37
37
35
35
37
