14
14
45
45
45
13
13
28
28
3
3
44
44
30
30
30
44
44
39
27
27
27
27
21
21
29
29
11
11
11
11
36
31
31
39
39
39
39
39
9
4
44
44
44
20
20
20
34
34
30
30
30
30
30
42
42
28
28
15
15
15
15
15
6
47
47
4
32
32
40
40
40
22
25
25
25
24
24
6
6
6
38
38
1
16
50
18
11
22
22
15
43
32
32
32
33
33
33
29
29
6
2
2
33
33
34
47
47
26
9
39
1
47
47
47
6
6
9
9
42
42
33
33
33
33
11
50
50
50
50
6
6
3
3
29
29
48
48
19
18
22
29
7
7
25
25
25
25
25
32
32
46
37
44
29
35
35
4
4
4
33
38
36
44
44
43
50
50
50
17
17
5
37
2
2
2
2
2
4
22
18
18
18
24
49
19
20
11
11
11
11
41
28
28
19
19
16
16
16
16
33
45
