40
27
3
1
1
1
31
33
33
20
2
2
2
2
2
2
2
39
39
39
50
5
5
5
5
5
29
11
34
34
24
38
38
38
38
40
40
40
13
42
42
42
50
50
39
1
39
45
45
8
8
9
9
37
35
32
1
18
18
16
16
26
26
32
32
32
32
32
32
32
32
14
20
18
18
5
5
36
43
41
44
44
44
11
13
40
19
16
16
16
16
15
36
36
31
31
10
36
36
10
44
44
35
40
46
21
21
21
27
27
23
23
23
23
23
4
12
14
14
14
14
42
42
42
24
25
25
46
46
20
20
20
20
2
2
48
4
3
3
3
22
6
18
18
18
18
2
2
43
42
34
40
22
22
20
32
42
35
35
35
35
16
8
47
47
47
47
6
6
9
2
2
2
11
11
11
11
11
10
10
10
13
25
25
25
25
16
31
20
8
8
8
8
13
20
22
22
27
18
18
16
16
