35
32
44
49
7
12
12
33
28
28
28
2
2
42
42
2
2
44
44
22
22
22
39
39
3
3
3
6
10
10
10
10
10
48
44
47
41
41
41
41
41
46
29
9
47
26
41
41
41
41
41
41
33
15
15
15
23
30
12
13
13
14
32
47
47
47
47
47
47
47
47
47
47
47
47
22
30
18
44
44
44
8
8
8
8
8
8
3
3
11
11
20
20
11
11
11
23
19
19
19
18
21
41
41
14
13
13
13
47
47
23
23
23
13
13
13
13
39
39
39
14
20
20
24
24
24
24
15
15
46
2
15
29
29
28
28
28
28
15
15
42
42
42
47
6
6
19
19
16
9
9
12
12
27
27
8
23
10
12
12
12
12
11
11
11
11
11
20
42
3
3
3
3
15
21
39
39
39
23
23
23
27
30
15
7
7
7
26
6
38
38
24
24
12
33
9
9
27
48
26
26
27
