2
2
2
40
1
17
17
39
32
50
14
15
24
24
37
39
47
47
1
22
22
22
26
43
18
18
18
18
48
48
43
40
9
9
9
15
28
28
15
15
8
8
8
8
32
31
43
45
45
48
48
48
31
15
15
30
13
10
24
40
40
40
10
26
26
32
26
40
45
48
48
48
44
37
23
31
31
20
37
43
43
16
16
16
16
16
13
25
25
25
50
28
28
28
8
8
8
8
8
9
12
12
12
12
6
6
6
6
25
25
18
40
43
11
11
11
34
28
28
28
39
11
25
25
7
4
4
46
46
46
36
36
36
36
36
30
30
30
30
47
27
27
27
27
3
6
6
6
18
14
4
3
12
9
23
35
35
35
37
34
34
32
6
6
6
27
36
36
36
36
36
36
21
21
21
46
27
27
27
40
31
17
1
1
1
34
34
38
38
38
38
38
38
16
12
12
12
12
34
50
11
11
