34
50
38
38
24
36
36
36
16
16
24
15
7
7
18
18
18
42
30
44
44
44
44
44
26
26
26
26
26
26
26
43
9
9
30
30
30
30
10
8
41
46
46
46
46
17
17
17
14
14
14
2
15
15
36
18
18
18
18
18
18
18
32
32
32
10
10
26
26
18
18
28
3
3
10
10
10
47
31
31
31
31
8
27
29
29
14
31
9
9
29
29
29
29
22
22
5
8
44
44
2
46
46
27
11
40
18
18
33
33
33
23
23
23
23
23
23
23
23
23
23
34
34
32
32
32
32
15
15
15
15
36
23
21
6
41
18
18
18
30
30
20
1
13
39
30
50
50
24
24
24
32
32
10
26
26
33
33
33
33
8
8
42
28
2
6
26
26
32
7
7
33
24
24
24
24
33
33
33
33
33
33
33
33
3
16
22
22
8
8
27
23
12
3
48
42
48
5
8
8
8
20
