21
21
5
12
38
44
44
33
33
26
26
26
19
15
15
47
47
40
40
47
41
26
26
15
27
44
44
24
24
6
22
22
22
22
20
20
20
20
20
6
6
6
6
5
41
41
38
36
14
40
40
7
5
5
47
18
40
39
44
26
10
10
10
10
10
10
10
18
27
43
13
28
28
42
29
49
49
22
42
10
10
9
9
9
49
11
11
30
21
17
26
26
42
21
21
29
45
11
41
28
19
49
48
48
37
37
33
24
24
38
38
8
40
1
1
1
36
36
36
42
42
42
42
42
42
39
39
39
39
39
39
13
44
50
42
42
4
28
32
32
32
32
32
32
43
43
17
17
6
50
46
46
46
6
26
26
26
26
45
28
44
41
41
41
41
3
3
3
43
42
42
42
42
42
40
49
49
21
21
21
36
15
15
15
15
15
15
1
1
1
1
1
1
31
41
30
30
30
28
35
30
30
