45
7
4
4
27
26
2
2
8
8
25
2
2
12
15
15
42
42
42
20
20
20
20
20
30
36
10
10
10
10
32
50
48
48
48
48
48
11
11
11
11
11
11
35
2
30
31
47
47
47
42
7
7
7
7
29
29
29
19
21
16
16
16
42
40
44
44
44
44
46
13
27
27
27
24
24
24
24
25
25
24
24
24
10
10
40
16
16
4
4
4
4
32
3
21
21
14
14
9
9
9
9
9
10
35
35
45
45
35
35
43
43
17
17
15
25
25
25
34
24
43
43
43
43
43
43
43
34
24
34
17
17
17
44
18
18
18
27
27
27
27
10
25
4
2
2
36
25
24
24
24
35
35
48
47
22
33
25
15
39
8
8
41
41
35
35
35
35
35
21
36
9
9
9
22
40
40
40
40
40
40
24
24
24
24
24
41
41
24
15
49
32
3
3
20
30
32
32
40
38
38
43
