9
9
38
29
45
12
40
29
29
29
29
29
43
43
43
25
25
15
15
15
15
29
29
29
29
29
14
14
14
14
27
27
27
27
27
27
27
27
27
27
27
27
27
46
46
15
15
40
40
29
29
16
16
16
19
48
48
48
48
48
44
49
49
44
44
48
47
47
47
22
14
14
14
14
14
28
41
41
17
44
44
44
44
15
15
15
15
15
15
7
7
7
29
29
29
29
29
43
43
25
25
25
16
16
16
14
14
19
19
44
31
16
34
17
2
2
47
47
34
27
27
27
27
26
26
26
32
32
12
12
12
12
12
12
12
23
23
23
8
4
6
20
20
40
15
15
15
9
9
9
9
9
9
9
9
42
22
26
21
21
21
21
9
9
9
4
13
13
25
45
44
23
23
23
46
46
28
24
24
46
5
28
28
28
36
20
20
20
20
36
42
9
9
9
7
1
1
7
7
42
42
4
