31
31
31
31
31
29
29
10
2
2
33
9
22
30
30
20
41
5
4
31
31
31
31
8
27
11
11
22
22
22
22
38
30
5
46
44
23
9
42
44
44
44
48
48
32
32
32
17
31
31
22
16
12
12
12
38
30
37
37
34
36
20
40
40
6
10
10
10
7
31
31
31
31
13
41
41
41
41
41
41
10
16
9
22
22
39
37
50
50
13
13
13
1
32
39
37
44
39
39
39
27
27
27
38
34
32
23
23
40
40
40
32
32
10
48
48
41
5
29
29
5
5
5
21
2
2
14
14
14
46
46
46
35
29
29
11
11
32
49
49
49
49
49
49
46
46
46
46
46
46
44
44
44
44
28
28
28
14
14
45
25
25
13
13
46
3
14
49
39
9
22
23
23
38
1
19
21
21
21
21
23
46
46
46
46
42
3
16
16
23
32
32
32
32
32
32
32
23
23
7
15
15
