38
38
45
45
17
17
17
24
24
24
24
24
4
4
4
4
19
40
47
21
29
2
27
20
20
20
14
29
20
20
20
27
27
30
19
19
19
19
19
26
14
14
14
3
42
42
35
35
29
29
34
34
34
34
34
23
48
48
4
4
12
39
39
39
39
39
39
48
48
44
44
39
39
17
17
17
17
48
48
48
30
30
8
8
11
27
11
11
11
39
39
25
25
25
25
37
21
25
25
25
25
25
21
16
16
16
16
41
41
41
27
27
27
27
40
7
2
2
28
47
47
48
3
4
4
38
38
38
25
25
25
50
35
3
37
37
6
12
12
12
12
12
5
36
5
15
15
15
10
44
18
18
43
33
33
35
35
35
28
28
28
47
47
47
34
37
7
7
7
7
8
15
15
19
20
49
30
16
50
50
50
46
46
46
46
40
14
14
47
26
19
19
19
19
50
50
50
29
47
47
47
47
