1
36
36
36
36
19
36
36
36
46
46
46
46
46
9
12
12
12
5
32
8
31
32
32
47
47
47
35
35
35
35
35
7
7
37
37
43
43
4
4
4
4
4
4
4
4
13
30
31
31
31
37
24
33
33
43
43
43
5
1
18
30
30
26
26
41
27
12
5
5
22
22
22
22
22
28
1
38
7
7
7
36
36
36
36
23
30
20
20
4
4
4
4
4
4
4
3
18
30
30
47
49
4
16
16
39
16
16
3
26
2
2
2
10
37
37
37
37
37
48
30
30
22
1
1
46
46
46
46
5
5
4
4
4
4
4
4
4
4
4
4
4
48
48
15
15
25
25
15
40
40
40
44
43
11
11
11
11
38
38
38
38
38
24
4
4
50
50
4
4
4
4
4
4
27
39
39
39
26
32
32
42
3
3
25
25
4
4
4
4
4
4
46
46
30
30
1
9
4
18
50
50
