35
28
24
24
24
14
14
30
30
39
29
15
15
36
36
36
27
18
18
18
19
21
21
21
34
47
47
36
36
36
29
29
11
11
11
11
11
11
11
23
23
15
18
13
13
44
21
21
21
38
38
46
46
46
19
18
18
18
18
18
21
15
15
15
15
20
20
28
28
15
15
15
15
15
15
15
2
2
2
41
28
15
15
15
15
38
38
38
38
38
6
48
34
34
1
48
38
25
25
25
2
42
12
18
25
46
1
1
44
44
44
14
28
28
22
33
33
33
33
33
24
45
47
47
32
21
21
2
9
9
9
21
21
2
2
2
39
39
39
33
33
33
33
39
48
43
47
43
43
43
2
2
15
1
5
43
7
7
38
38
38
38
38
20
28
28
27
2
7
43
43
21
21
46
46
46
46
46
46
46
14
39
39
39
39
50
50
7
30
30
30
43
43
26
20
20
24
22
22
22
22
42
