33
3
3
3
48
48
32
32
3
43
43
40
40
40
40
33
33
35
35
35
46
26
26
35
17
33
9
50
50
50
50
18
18
9
9
9
14
14
15
15
49
25
25
25
25
5
5
16
16
16
16
16
28
28
28
43
43
31
31
48
48
48
48
48
5
5
5
5
28
48
48
48
13
36
15
4
4
4
41
41
26
50
10
10
10
41
33
33
30
45
45
45
47
47
47
19
19
34
34
31
50
50
50
49
49
49
27
27
24
39
28
28
28
28
24
37
37
37
11
11
11
22
22
33
31
31
31
31
50
29
29
42
49
49
49
38
21
35
35
35
25
32
32
32
32
24
24
42
42
42
49
49
34
3
48
48
48
48
48
48
48
43
30
26
22
22
22
14
14
5
5
5
21
21
27
27
4
4
36
42
30
4
2
44
44
42
30
30
30
30
30
38
19
19
17
17
39
39
39
30
30
30
