13
8
8
8
8
8
4
7
11
13
23
11
11
22
22
22
22
10
10
45
45
45
2
2
2
49
13
40
40
40
40
48
48
48
25
25
25
25
25
31
10
10
10
10
13
13
13
43
50
50
50
50
50
50
50
43
43
19
12
14
48
48
5
22
2
2
2
20
43
43
44
46
46
46
46
35
35
20
20
20
25
25
11
11
11
1
41
41
41
35
35
35
35
35
6
25
25
42
42
42
44
44
18
18
18
30
30
7
7
4
10
44
43
28
28
18
18
18
18
24
24
46
46
28
28
44
44
1
1
1
24
1
1
30
8
19
19
50
50
20
49
41
41
10
14
14
45
2
8
42
42
42
42
41
5
5
5
50
50
39
48
8
13
13
30
48
28
28
31
31
31
28
28
2
2
7
7
39
20
31
3
3
3
18
18
18
48
48
25
31
46
46
46
46
46
30
34
34
7
9
9
9
