10
10
10
10
33
33
33
33
35
7
7
7
50
21
21
19
47
39
39
39
39
7
29
17
17
11
11
11
11
16
19
24
37
37
35
28
28
28
10
10
11
14
14
23
23
13
28
28
28
26
18
11
11
32
22
22
28
42
24
24
24
24
24
27
27
27
27
50
50
50
50
50
50
49
49
49
38
38
38
38
38
10
10
10
10
8
46
31
10
10
20
6
13
13
13
10
8
8
8
8
8
27
27
27
27
27
27
27
15
35
39
39
39
14
14
14
18
21
49
49
49
33
21
21
33
33
33
2
34
34
9
30
50
50
8
8
8
3
3
3
32
32
4
4
4
44
44
44
44
17
6
24
4
4
4
4
12
12
12
43
41
43
43
15
30
30
30
45
45
45
45
45
50
38
38
38
38
38
38
22
22
4
17
17
35
35
29
20
20
42
42
42
42
32
20
20
20
21
21
24
24
24
