48
48
48
46
46
46
7
7
11
11
11
31
16
35
28
28
28
20
25
23
45
12
12
39
9
36
36
36
32
47
11
37
19
21
21
21
27
27
27
15
15
5
5
48
48
10
48
48
48
6
24
38
38
24
24
24
24
24
27
27
19
19
19
19
19
19
39
39
32
32
32
32
17
6
6
6
11
11
11
11
11
50
50
32
32
47
46
46
35
35
35
35
23
23
23
37
28
28
20
40
3
30
30
30
48
30
23
23
19
48
48
40
40
7
24
24
24
24
24
24
24
21
2
35
35
15
15
35
35
35
49
49
49
49
49
49
49
49
49
49
49
49
43
43
43
43
43
26
26
26
20
20
20
29
11
2
48
17
17
17
17
17
1
1
45
45
33
33
33
33
45
45
15
50
50
6
45
45
45
39
39
39
48
16
13
13
13
27
27
27
27
41
9
40
26
26
26
26
45
45
45
19
