17
17
17
48
22
2
2
1
1
1
29
22
22
26
26
26
26
26
26
28
3
3
3
3
2
47
47
47
47
47
47
47
16
16
23
23
32
31
38
38
41
41
41
41
41
19
19
19
30
30
30
30
1
18
7
7
7
18
18
18
18
18
7
7
48
24
13
13
13
8
17
17
17
40
40
40
40
40
40
40
10
10
31
28
28
42
43
43
39
39
31
31
44
26
20
20
20
8
8
29
29
29
29
29
29
41
41
41
43
43
43
41
41
33
4
20
28
28
28
46
7
7
7
7
41
41
41
49
46
36
36
44
4
19
2
2
32
10
50
50
50
50
31
15
15
15
37
39
26
16
10
48
7
7
47
47
3
21
21
21
34
38
46
46
46
46
43
43
47
47
29
29
36
3
3
3
3
21
21
21
21
21
3
3
3
3
3
3
35
35
42
4
34
34
34
1
9
9
9
9
31
31
