12
5
48
48
43
43
43
20
20
20
20
20
20
20
20
20
30
1
32
32
14
14
14
14
14
9
9
50
50
50
50
50
50
37
37
37
37
37
13
48
8
8
8
8
8
28
28
50
50
6
6
6
6
6
6
37
43
12
26
42
42
18
18
18
45
21
42
42
25
25
32
32
25
38
38
38
38
46
46
28
13
14
14
14
14
14
23
23
49
49
49
49
49
49
49
9
9
9
9
9
8
8
8
26
26
21
48
48
22
39
39
10
24
24
47
47
47
1
1
36
32
32
32
32
32
38
38
38
27
27
27
39
22
18
39
39
39
39
26
1
1
9
42
42
24
24
17
17
17
17
42
42
1
1
18
18
18
18
41
41
41
41
16
16
16
37
32
11
16
22
23
35
35
26
26
26
44
47
47
47
47
36
23
41
16
16
16
28
28
31
31
31
31
31
13
13
2
33
10
10
15
28
