25
11
38
38
38
38
38
38
13
40
40
40
25
25
25
42
42
29
29
29
39
41
41
41
42
42
14
33
33
9
9
9
1
19
19
19
19
19
49
49
25
21
21
20
20
19
19
19
8
8
8
35
35
35
35
35
35
7
50
20
33
22
22
22
19
47
47
15
44
44
23
23
23
23
23
37
37
37
37
36
2
2
17
6
6
6
6
6
37
21
21
21
39
35
35
35
35
35
35
35
48
32
32
32
29
29
36
43
43
43
43
36
21
21
21
28
28
25
25
25
17
17
4
45
45
45
16
40
40
40
21
21
21
21
13
13
4
33
33
33
15
15
48
45
45
12
12
12
11
46
46
46
2
4
4
4
4
4
4
4
4
10
10
10
10
10
17
17
24
24
34
24
24
24
24
46
47
18
8
36
39
14
14
30
21
21
21
28
28
8
8
13
13
28
28
3
3
3
3
32
27
17
