19
33
9
16
16
16
49
49
49
49
1
1
1
1
1
35
16
2
1
24
38
38
38
10
10
10
10
10
10
10
2
16
36
36
36
13
35
35
46
46
17
17
16
12
12
20
42
42
42
16
16
16
13
46
27
14
14
19
3
42
48
27
27
27
27
12
12
14
14
36
36
36
36
46
45
47
47
47
47
21
28
28
28
28
42
42
12
38
38
38
28
38
1
1
1
1
1
45
45
7
7
7
3
3
3
3
3
3
3
3
3
3
14
21
22
33
12
49
2
42
30
32
37
12
12
10
10
10
10
10
30
44
44
44
44
44
44
39
39
39
24
24
24
1
1
26
49
16
16
10
10
21
9
18
18
18
37
37
37
37
37
37
38
38
38
37
36
7
7
37
37
37
37
9
9
2
27
27
27
27
27
27
22
22
22
14
14
27
27
21
21
21
21
21
21
49
49
39
2
35
6
24
