5
5
5
5
5
5
43
43
43
43
42
42
42
43
43
21
21
21
21
21
21
21
32
23
22
3
3
28
28
46
46
32
18
18
21
21
21
21
31
25
26
5
15
15
15
40
40
45
39
39
21
23
23
23
23
23
23
9
19
40
40
50
50
50
50
39
7
8
29
29
29
25
25
25
25
49
35
3
3
3
3
26
26
37
23
38
38
38
38
17
17
49
31
28
43
20
29
29
27
31
31
32
1
3
3
25
25
12
12
12
12
45
45
45
45
45
45
45
33
33
42
42
41
41
4
49
41
41
3
3
3
3
47
47
47
16
16
34
24
24
35
27
43
43
36
4
47
47
47
47
47
47
2
2
37
2
32
32
32
30
30
30
31
21
12
40
45
45
45
12
12
12
12
1
1
11
32
10
10
10
21
15
37
11
16
16
37
23
23
23
23
13
16
16
5
20
17
17
17
13
13
27
