8
5
5
5
31
30
30
30
30
50
50
49
21
21
38
32
32
19
19
19
26
50
45
37
37
10
32
32
14
11
2
48
48
48
15
4
27
44
46
28
28
28
47
47
47
47
20
49
31
1
1
41
42
42
42
40
3
3
3
3
31
31
17
27
1
16
44
44
44
44
5
5
5
29
24
11
11
11
39
39
39
39
43
43
20
20
36
41
41
19
26
26
7
35
35
35
14
49
49
49
49
8
46
46
46
15
15
15
38
38
11
11
5
40
40
36
26
21
21
21
21
39
44
44
44
34
34
34
14
19
19
19
9
9
36
10
10
10
47
33
33
33
33
44
39
43
43
23
23
50
50
50
41
41
8
8
8
8
7
7
1
14
14
40
9
2
2
43
15
15
5
15
15
15
15
37
37
2
2
2
37
37
37
15
6
15
15
15
7
7
7
7
7
7
37
37
37
37
37
8
1
44
