5
24
13
13
13
13
13
25
48
48
14
9
9
9
9
4
46
31
31
5
5
5
5
5
5
39
39
19
11
11
11
43
43
5
5
28
19
19
19
6
6
35
21
21
21
13
13
49
49
38
38
30
50
23
7
37
37
34
25
25
14
49
31
31
15
11
23
34
20
31
31
23
42
46
25
10
10
10
10
18
18
41
13
22
18
32
32
48
48
48
27
27
27
27
27
4
36
4
4
34
48
48
48
48
2
31
14
14
14
15
17
44
44
20
20
20
20
36
36
47
47
11
21
17
4
29
19
38
38
7
7
7
17
42
42
10
10
10
10
10
10
10
12
12
12
12
12
23
23
23
23
23
32
36
37
37
37
16
31
21
21
27
28
26
32
13
32
44
22
6
6
6
6
6
6
5
5
5
5
38
38
38
38
50
15
15
31
31
31
31
31
33
22
43
17
17
17
17
17
35
35
16
