36
36
36
36
36
36
23
25
3
3
3
3
3
3
42
42
42
15
11
44
37
37
4
4
34
49
49
49
49
49
49
49
46
31
2
37
37
37
37
37
37
19
19
19
19
33
33
33
49
49
26
1
1
12
12
37
37
20
13
13
28
13
13
43
43
2
21
30
30
46
37
2
2
41
30
34
34
39
39
39
14
14
14
7
1
50
11
11
11
11
11
11
11
11
11
11
39
39
39
19
19
10
10
10
22
22
22
24
24
24
24
25
43
16
46
17
17
48
48
8
1
1
4
4
4
4
4
26
40
1
13
31
3
3
3
3
3
3
12
12
1
12
12
12
48
48
24
25
15
15
3
44
41
48
39
39
39
39
39
11
11
11
38
44
44
44
44
44
44
44
27
11
46
46
46
46
31
31
31
32
32
32
30
30
30
40
40
44
44
44
26
26
14
31
31
31
40
32
32
14
14
34
