19
24
24
21
20
43
43
43
43
10
10
19
19
19
19
28
28
47
47
47
2
43
43
3
3
50
6
6
30
30
21
21
21
21
21
21
21
21
41
41
41
41
41
44
44
44
46
46
4
4
4
4
38
8
8
37
37
24
24
10
10
10
13
40
40
40
31
37
37
37
31
31
31
33
33
2
2
2
2
2
34
34
34
34
36
45
45
23
23
23
23
23
44
44
44
21
29
5
21
21
31
16
16
16
16
3
3
31
28
28
49
49
26
36
29
38
38
38
38
38
48
18
9
49
49
37
13
8
8
30
30
8
8
8
25
3
3
3
3
10
30
30
47
47
30
30
30
11
11
11
11
11
11
11
11
11
11
5
41
41
32
32
18
6
48
48
15
10
10
21
21
21
21
8
8
43
43
43
43
35
35
35
35
35
9
9
9
9
9
29
29
3
7
6
6
12
14
14
14
14
38
38
