26
41
19
19
27
29
29
29
43
6
28
42
42
21
21
21
50
50
50
8
10
25
49
40
40
40
40
48
48
21
21
33
33
43
31
43
43
14
14
9
14
14
14
22
31
39
39
39
39
16
16
16
16
16
21
12
12
12
12
2
10
10
10
11
11
33
18
2
40
2
25
25
25
25
5
5
45
45
34
38
38
38
18
21
40
40
39
39
47
47
49
49
49
9
9
9
32
19
14
17
26
16
16
16
16
16
16
26
26
20
20
12
43
43
7
7
7
12
12
12
12
40
40
13
45
45
45
16
16
16
32
20
20
20
19
25
14
31
31
31
31
31
31
31
4
4
17
17
32
32
32
32
32
3
13
13
42
23
23
4
4
32
23
23
18
4
4
4
4
4
8
46
43
4
42
42
42
35
8
8
21
49
49
1
22
22
22
12
20
40
40
17
12
12
19
45
26
26
18
7
7
7
