8
8
8
8
8
10
10
10
10
28
28
2
43
26
26
31
31
31
31
31
9
34
34
34
34
34
34
34
3
10
10
10
10
10
6
6
6
6
6
27
27
27
5
5
5
5
7
7
44
21
34
34
34
42
42
42
34
11
11
11
11
47
29
50
8
8
8
43
47
47
12
49
49
17
45
45
39
39
36
36
36
2
41
12
12
38
38
26
38
38
38
38
38
38
38
46
46
3
4
4
4
4
27
32
22
22
22
22
35
41
41
46
46
49
49
4
4
28
28
28
28
28
19
12
1
1
30
36
31
31
31
31
31
50
50
50
50
50
17
17
17
31
31
34
34
34
3
31
37
37
37
22
40
18
18
18
18
18
18
18
18
18
18
18
18
18
46
34
5
50
50
50
14
14
14
44
37
37
8
30
30
48
46
46
11
11
22
22
22
22
22
23
23
23
26
19
19
19
19
1
41
41
