22
34
34
8
38
38
15
48
18
18
30
30
30
30
21
21
22
22
26
40
9
9
23
23
23
12
28
28
28
28
19
19
38
38
38
38
38
24
43
45
6
6
6
6
40
40
40
40
40
40
1
1
1
2
2
2
19
19
15
10
10
48
16
33
33
38
30
30
30
16
40
40
29
16
16
10
10
39
15
15
15
15
15
29
27
46
43
43
5
5
5
15
24
33
33
33
20
46
49
49
29
29
16
46
8
8
8
8
41
41
40
13
13
37
37
28
45
27
27
15
15
50
50
44
43
48
50
50
50
32
34
28
28
28
14
15
15
31
31
31
43
43
24
24
24
43
20
20
20
20
20
20
20
3
3
3
30
30
30
27
27
47
47
47
26
26
26
10
39
8
31
31
31
31
31
31
31
30
26
30
47
39
31
31
22
22
22
31
11
25
24
24
29
19
24
42
31
40
40
40
6
42
