14
12
12
40
40
34
32
7
35
5
5
5
42
9
42
34
34
39
23
40
44
44
44
20
20
20
20
20
20
10
10
36
36
36
36
36
36
36
39
15
33
7
34
34
44
44
44
13
28
33
33
33
33
33
29
29
29
31
2
2
2
2
2
6
6
6
6
20
49
49
50
12
12
27
27
27
27
39
39
5
5
5
5
4
41
24
24
10
3
28
28
44
44
3
3
3
10
2
34
14
22
12
2
2
28
49
49
49
14
14
14
7
30
30
30
30
30
30
30
36
48
48
48
20
20
9
27
27
49
16
16
16
6
48
22
22
24
44
21
21
16
16
16
16
40
38
38
38
19
3
3
3
3
3
50
19
48
48
48
48
15
15
36
35
35
35
35
39
39
39
48
38
38
38
38
20
20
20
24
24
24
24
11
11
11
11
11
3
3
3
50
50
24
3
3
19
5
5
22
22
22
22
