35
49
49
49
20
20
38
38
38
1
1
1
20
33
33
33
30
30
45
45
18
18
18
18
15
17
16
16
16
11
11
11
11
36
14
39
47
17
17
17
17
1
16
16
16
41
41
41
41
41
41
49
49
49
49
49
49
49
49
49
49
49
49
39
49
49
49
49
41
41
41
12
17
17
17
14
19
19
11
11
3
28
26
20
20
20
20
20
35
35
35
35
35
48
48
48
34
34
34
45
45
45
45
42
42
42
42
17
29
29
29
29
29
4
4
4
34
10
10
10
3
37
37
36
46
46
46
46
46
11
44
44
44
44
44
47
38
39
39
5
5
49
6
8
8
16
30
30
30
34
42
42
50
50
30
30
30
30
6
6
6
8
32
48
48
48
15
15
15
23
11
11
37
30
30
30
30
30
35
42
42
42
18
15
17
17
17
17
24
24
24
24
27
8
8
42
28
50
50
50
50
50
