46
30
45
48
48
49
12
12
12
19
40
5
33
33
33
33
33
9
50
50
50
50
50
34
5
33
25
25
38
38
13
13
13
36
3
3
3
33
26
26
6
6
6
13
13
13
10
45
7
7
13
13
20
20
20
47
18
18
2
2
28
28
28
28
28
37
37
34
34
12
12
40
42
6
6
6
10
22
16
1
31
34
34
34
9
2
1
1
13
13
46
46
16
16
16
34
34
34
34
34
34
34
36
36
36
50
50
5
5
5
19
27
42
3
3
3
3
27
27
27
27
38
38
33
33
29
29
38
41
41
32
38
22
22
22
22
22
22
22
22
7
7
7
23
23
23
40
11
11
42
12
12
12
12
12
12
12
12
12
12
45
48
37
8
36
36
36
36
36
36
48
18
18
18
18
49
31
31
31
31
15
25
47
42
42
42
22
41
45
13
13
40
35
35
35
35
5
50
39
39
10
26
