24
6
39
39
29
15
15
7
28
28
10
39
5
5
20
20
20
20
20
20
20
21
20
36
36
36
4
4
4
26
26
11
11
11
41
14
27
27
27
27
27
27
27
27
27
24
38
38
38
38
38
38
38
35
35
35
35
35
35
35
46
46
34
34
34
38
38
38
38
38
38
38
23
35
35
44
14
14
14
45
45
44
44
44
44
36
36
36
38
44
44
44
44
44
32
32
32
28
24
24
23
24
24
24
21
21
35
43
43
43
43
20
20
31
46
33
23
23
26
26
3
3
3
16
16
16
3
1
19
19
19
19
3
3
38
38
13
13
49
49
49
49
49
49
49
50
9
22
22
23
47
47
47
27
27
27
46
46
1
9
10
35
35
50
50
50
47
27
27
43
43
43
43
43
43
43
43
46
10
10
38
1
1
16
16
13
13
24
45
45
1
15
15
23
46
46
19
19
19
19
37
50
