32
32
30
23
23
23
39
39
38
38
38
37
29
16
4
4
28
28
28
10
10
8
4
4
12
10
10
10
10
10
29
29
29
29
37
37
40
43
43
43
16
12
46
11
11
38
38
12
12
3
20
20
20
19
19
5
25
4
4
34
34
21
16
37
25
43
43
43
46
46
38
38
2
2
16
7
45
1
1
1
1
9
35
28
18
30
34
1
1
26
26
26
26
26
23
23
23
27
27
27
27
27
24
44
24
10
29
29
29
29
35
45
45
21
21
21
21
21
21
22
41
41
17
50
50
42
49
49
43
12
10
10
26
26
26
26
26
24
13
13
7
7
7
48
7
7
31
31
31
43
43
18
18
5
5
5
34
22
28
28
22
34
34
34
34
34
34
4
4
39
39
32
32
11
11
11
17
17
17
17
17
17
28
46
46
49
49
27
28
28
28
10
25
14
14
14
14
33
18
7
32
32
