45
45
47
11
6
6
6
6
1
14
14
15
32
44
44
44
45
45
22
37
37
37
37
29
5
23
39
39
39
39
39
32
32
29
29
37
37
37
7
18
28
7
4
4
24
24
6
31
22
16
10
10
24
17
17
17
17
22
49
49
3
3
36
36
36
31
31
8
22
48
36
31
31
31
31
31
31
31
47
43
24
13
13
13
13
34
34
34
34
34
34
37
37
37
4
36
36
45
45
45
15
15
1
31
31
31
31
10
20
23
23
23
39
39
21
21
26
26
10
10
9
9
42
2
45
45
4
9
9
44
44
44
44
47
47
30
30
30
25
25
25
25
25
25
31
46
48
44
5
44
48
48
49
49
49
42
42
42
42
21
21
18
18
18
18
5
5
5
26
14
14
47
47
47
47
15
15
17
17
16
16
16
16
36
23
23
23
23
23
10
10
10
10
7
7
7
7
15
15
18
18
18
