17
17
8
18
18
18
18
18
27
7
10
24
12
22
22
10
10
19
19
3
15
15
28
11
11
11
21
4
4
4
45
25
25
25
25
25
25
25
25
40
40
40
40
40
40
40
1
6
6
12
12
12
34
34
24
8
33
33
34
34
34
15
15
15
13
37
37
26
26
38
38
38
38
47
47
3
8
23
23
23
22
50
50
50
50
50
32
28
25
7
20
17
17
17
37
40
2
3
22
46
46
46
46
47
47
47
47
19
19
42
42
42
42
42
42
37
37
1
20
20
20
36
36
36
36
36
36
2
2
38
38
43
43
27
27
17
31
8
29
29
29
24
38
37
36
36
36
34
34
48
48
13
13
13
13
16
23
23
23
34
12
12
12
12
12
12
12
12
12
12
8
8
8
28
32
32
1
1
27
33
42
3
16
8
24
47
47
47
36
36
22
22
22
22
24
24
26
7
7
7
7
42
