16
16
16
16
16
16
14
14
14
3
29
29
11
16
7
7
13
13
21
25
25
21
21
20
40
19
27
34
50
50
40
48
48
5
22
36
36
36
19
19
1
1
21
21
48
2
14
14
14
14
36
36
6
25
25
46
46
47
50
50
50
50
21
21
21
4
4
19
19
19
35
35
50
33
3
42
42
24
24
24
24
24
3
3
3
22
22
22
22
22
22
22
1
20
20
20
20
29
24
48
48
1
8
12
12
41
29
29
48
23
23
32
48
36
24
24
24
30
40
40
21
21
21
16
49
29
29
3
45
16
16
16
3
24
24
50
22
48
48
48
38
11
22
30
30
15
34
3
46
12
12
44
11
42
42
48
48
28
28
28
28
9
44
44
44
44
3
3
3
28
28
16
16
24
40
17
17
17
35
18
44
37
44
44
2
16
16
34
34
34
34
9
9
35
35
16
16
16
16
22
22
48
