10
10
10
3
20
20
47
50
19
19
19
2
50
40
50
20
20
10
14
50
50
50
27
46
46
49
49
49
33
33
33
30
13
13
12
12
12
2
2
7
47
35
35
35
35
35
35
35
30
46
20
5
5
5
5
5
17
17
11
46
25
25
49
49
30
30
30
24
36
24
11
40
5
1
1
3
3
32
18
18
18
20
20
18
2
2
2
49
49
26
26
8
32
32
26
34
34
34
34
38
38
39
36
3
3
10
37
37
37
50
4
36
44
35
35
50
50
50
50
50
50
24
24
24
24
5
5
12
12
6
47
15
15
47
30
14
19
19
24
13
44
44
44
25
25
25
13
13
13
18
8
19
19
38
38
49
19
39
34
50
37
37
4
6
6
6
32
32
41
41
41
41
20
20
2
2
4
4
48
29
29
28
15
16
16
16
16
16
16
35
35
1
1
1
29
29
29
40
40
40
40
40
