34
34
34
4
16
41
41
41
21
21
32
29
29
35
35
35
35
35
35
29
29
29
6
23
23
45
45
45
29
29
29
29
6
34
34
34
31
39
27
10
5
5
5
5
5
48
48
48
18
41
41
41
18
13
37
4
4
4
4
33
15
11
11
11
38
4
4
4
46
49
49
28
28
28
35
8
47
38
38
38
38
38
38
38
38
38
30
30
34
34
17
18
8
43
50
48
48
39
26
25
25
25
25
42
32
45
45
45
45
28
21
21
50
11
11
11
14
14
14
14
14
25
25
28
28
37
1
1
1
46
44
6
6
14
4
40
40
19
37
3
3
3
3
3
3
45
6
6
6
4
4
4
4
4
4
43
43
5
33
33
33
22
48
5
5
45
9
9
11
9
10
15
15
15
34
39
38
38
38
2
2
2
11
7
39
50
50
50
50
50
50
1
27
27
18
18
20
20
20
12
12
8
