9
9
34
41
19
19
11
11
11
46
46
46
46
46
46
33
21
21
38
38
7
10
43
43
32
32
25
25
16
16
1
24
10
8
8
25
25
25
4
8
15
12
12
12
16
25
27
27
27
10
10
26
34
41
41
14
18
40
40
40
47
47
11
47
44
40
35
14
14
14
41
36
36
36
13
26
26
46
40
4
22
35
35
49
4
6
40
50
50
4
8
8
8
25
26
6
49
24
38
35
34
22
8
8
8
8
8
48
48
48
50
20
35
4
4
47
47
3
28
28
10
10
43
43
46
46
33
33
41
43
43
43
43
43
44
44
44
44
44
44
14
14
14
9
9
3
7
7
7
5
5
6
5
5
46
46
37
37
25
25
15
1
1
38
27
27
27
27
27
27
27
27
39
39
33
36
45
36
36
35
35
33
33
33
33
14
14
14
14
50
50
50
8
8
8
8
35
2
4
9
9
9
