10
10
10
21
21
37
12
12
12
12
9
46
46
36
6
6
28
16
16
16
36
18
18
26
45
45
10
10
10
37
45
45
17
17
17
17
17
37
30
14
32
49
49
9
10
10
10
10
10
10
32
32
41
6
45
45
45
45
13
44
37
17
17
17
1
1
32
17
17
17
17
1
1
1
9
10
10
9
1
12
14
14
14
2
49
17
27
27
27
6
1
1
17
44
44
44
22
47
30
24
10
39
39
35
49
2
2
2
2
2
26
14
32
32
32
18
18
20
20
20
1
28
16
35
21
44
44
44
44
17
39
39
39
39
47
13
13
9
18
22
22
22
10
28
46
46
46
19
19
19
19
6
9
9
26
37
37
37
14
9
9
9
44
44
44
44
30
30
30
30
30
17
37
37
17
45
45
45
18
18
49
49
49
49
41
14
18
30
22
22
7
7
28
28
42
1
16
16
16
16
16
38
