24
42
42
42
42
42
42
42
1
3
33
33
33
33
33
33
9
35
17
17
17
17
23
45
45
45
25
4
9
49
10
40
15
23
48
48
15
44
44
25
25
25
25
24
24
24
45
45
45
45
48
1
41
41
44
44
25
13
37
48
48
49
19
19
19
17
1
14
12
12
37
12
31
11
30
30
30
6
6
15
48
12
1
4
4
4
16
16
12
36
30
46
45
28
49
20
25
25
26
26
26
26
32
32
25
25
25
32
43
43
43
6
6
22
19
25
45
40
40
49
49
49
23
23
23
36
17
17
23
48
48
48
48
48
49
49
49
49
49
49
5
23
23
23
23
23
41
14
14
14
14
14
14
27
44
44
44
44
42
32
32
32
32
32
32
32
32
32
49
49
49
49
49
18
47
50
50
7
7
7
5
6
4
4
4
43
36
36
36
36
10
10
29
29
29
29
29
29
50
4
9
9
