15
15
15
25
25
25
25
11
37
37
37
20
20
20
28
28
44
45
45
46
32
37
39
2
10
10
32
32
32
2
31
5
5
5
37
3
3
30
30
50
30
30
30
30
30
21
21
21
2
38
38
29
36
36
2
2
2
3
3
3
3
3
42
47
47
47
41
41
13
13
13
13
50
22
23
4
7
7
7
5
5
40
40
40
21
21
6
16
16
16
36
36
36
48
20
26
47
42
6
16
47
19
17
17
17
12
34
21
21
21
8
8
49
49
49
40
40
48
42
42
36
7
7
7
47
47
47
8
23
23
27
27
27
27
27
27
3
3
3
3
3
37
37
37
37
37
37
37
10
10
19
19
8
43
46
3
31
22
34
34
34
34
34
24
9
32
32
18
18
9
9
40
15
15
15
15
15
6
2
2
2
2
6
39
39
28
26
26
26
10
10
10
10
19
19
19
25
25
25
21
21
21
