24
24
45
15
15
15
15
42
42
47
47
2
2
2
2
2
2
2
44
44
44
44
44
44
44
22
32
31
13
13
25
25
25
25
32
24
21
41
30
19
6
26
18
47
47
45
45
31
19
19
19
19
19
19
41
2
2
2
3
3
12
32
27
20
3
38
38
9
40
15
15
15
48
48
34
34
46
6
15
9
9
13
43
43
43
26
37
37
37
37
37
37
37
20
20
12
7
15
32
32
32
32
26
26
26
26
11
22
46
46
46
11
35
49
49
20
48
29
42
35
31
31
31
24
24
34
34
29
9
9
9
14
29
29
5
5
5
5
5
5
25
25
44
30
30
30
25
25
42
22
43
43
24
20
7
15
48
35
35
35
36
36
36
2
2
2
4
10
10
10
23
21
7
8
8
20
19
20
21
23
23
23
13
13
10
10
10
29
29
48
48
48
48
48
48
48
6
40
40
40
40
41
