25
25
32
32
32
32
32
2
2
33
7
43
43
41
19
19
19
19
50
2
45
45
20
44
44
44
38
48
14
14
14
14
14
18
18
18
31
47
37
37
39
18
18
38
38
38
38
38
41
8
8
8
43
43
43
43
43
18
40
40
40
15
15
1
4
42
42
13
13
18
17
7
7
7
17
17
17
47
47
17
17
17
36
3
3
3
14
14
44
44
44
30
37
15
35
42
22
22
39
34
34
42
17
34
3
3
3
3
3
3
42
18
18
18
18
28
28
28
28
22
43
43
43
43
49
49
20
20
34
34
50
12
19
19
6
6
22
22
6
21
44
44
44
12
12
12
11
28
44
23
23
1
1
1
32
12
12
12
39
22
42
26
26
26
26
18
27
29
29
29
39
2
2
25
25
25
25
25
25
25
25
38
38
38
16
48
40
22
31
31
31
31
31
31
45
7
7
7
7
7
15
15
