7
7
15
45
45
45
45
45
37
40
40
10
10
10
9
38
44
44
41
50
22
22
18
18
32
50
50
50
16
24
1
1
1
50
50
45
45
44
44
29
26
26
26
26
26
26
26
26
26
26
22
40
40
23
23
8
8
8
5
36
36
24
24
21
21
21
21
21
21
43
43
43
26
21
21
21
43
3
19
19
19
11
5
5
5
39
2
48
48
48
28
18
18
35
35
35
35
35
35
35
22
22
33
33
3
3
3
3
50
50
4
4
32
38
18
18
18
18
18
34
34
34
34
34
39
35
38
38
48
48
14
14
25
25
28
42
42
42
42
42
20
29
29
29
29
23
3
37
37
37
27
40
40
26
6
6
39
39
30
30
8
8
8
20
20
20
34
34
25
25
14
14
14
14
21
21
47
5
5
23
22
22
12
2
2
22
2
2
9
16
28
6
6
33
33
14
35
6
6
6
24
5
