27
27
17
13
13
41
44
44
44
44
44
44
9
9
9
22
22
22
22
22
30
30
20
20
20
20
20
1
28
17
37
37
47
47
47
47
47
16
7
27
16
39
39
39
39
39
39
33
33
39
31
25
9
36
17
17
17
1
1
1
1
1
50
50
50
50
35
15
15
15
21
21
21
21
7
11
24
15
40
40
40
40
40
40
21
27
27
27
27
48
48
17
24
2
2
30
30
48
48
48
21
34
34
45
17
17
17
34
18
18
13
13
7
7
7
48
48
48
42
34
34
37
37
37
49
47
47
47
10
23
23
22
20
20
20
20
41
12
7
45
45
45
45
45
45
45
45
5
5
20
20
20
45
15
15
15
15
15
30
30
49
16
16
12
12
41
23
23
23
14
33
33
33
33
14
8
12
41
47
47
47
47
28
28
44
10
38
38
13
13
11
8
24
31
19
19
19
36
31
12
50
5
