15
15
20
20
20
38
22
22
17
17
34
23
35
3
3
45
20
27
32
2
30
30
5
5
26
26
48
48
47
48
48
7
33
33
18
9
9
22
22
22
22
22
29
49
45
23
23
23
23
46
18
36
36
36
36
36
49
49
13
13
13
13
4
18
18
18
14
14
14
33
30
28
28
10
3
3
3
14
7
17
20
20
24
24
24
22
22
15
4
22
11
11
11
17
17
17
17
17
17
30
30
30
30
30
50
8
8
22
22
12
12
38
33
7
38
38
38
36
36
36
36
49
49
37
25
25
40
11
9
50
50
2
29
29
29
8
8
8
10
14
3
3
3
13
33
33
33
3
3
4
18
27
48
42
42
10
20
20
34
17
27
40
40
47
27
14
24
3
3
38
38
27
27
12
12
12
13
40
40
40
17
29
36
36
36
2
2
2
2
32
32
32
32
46
31
31
31
31
42
42
42
42
