37
37
37
37
37
40
14
14
40
35
27
27
27
27
27
27
37
37
37
37
37
11
11
11
11
35
35
1
1
1
43
43
35
17
5
13
13
13
22
15
30
37
37
50
50
50
50
4
4
4
4
16
16
49
14
34
34
34
34
26
21
21
50
50
50
41
31
17
22
22
19
21
21
21
13
16
16
17
22
22
7
7
17
43
46
46
46
46
15
15
15
15
46
34
50
26
26
26
26
33
31
22
30
44
44
44
44
44
41
2
47
26
6
37
49
49
25
7
33
33
33
33
33
33
32
32
23
23
43
43
22
18
33
33
33
18
28
38
24
18
18
15
2
36
13
28
30
30
46
46
43
43
43
43
15
41
3
3
3
3
9
20
42
6
38
43
43
43
43
43
43
32
28
28
28
43
43
19
28
28
28
35
35
33
49
49
24
37
45
8
8
8
46
47
47
47
47
47
19
16
2
12
