45
45
1
1
36
29
46
46
46
32
32
9
46
46
46
46
46
46
46
46
46
20
35
31
15
15
37
37
37
37
37
31
5
5
5
5
5
17
17
17
17
48
18
18
30
30
30
26
11
11
11
11
11
11
11
32
48
48
37
37
47
47
47
47
38
38
27
2
2
2
2
2
46
8
47
47
37
37
8
8
8
20
20
20
1
1
1
1
11
4
4
4
4
14
23
17
17
30
7
4
37
37
37
37
37
37
37
35
6
6
6
14
14
14
14
28
14
44
44
11
29
29
29
20
20
3
3
3
3
3
40
40
40
40
40
50
6
6
46
8
8
8
47
26
34
22
6
50
50
50
50
6
6
11
30
48
33
33
21
21
21
21
23
23
23
19
37
7
7
7
7
21
21
15
3
3
3
28
28
2
2
50
12
12
12
16
33
33
25
43
43
43
43
15
7
47
1
1
1
29
29
29
