7
19
33
33
33
30
32
45
45
11
26
26
26
38
47
39
39
39
39
39
39
2
41
41
41
36
22
14
26
26
49
49
38
38
38
30
18
49
17
27
21
35
19
19
49
6
6
6
6
6
6
6
6
36
46
46
46
46
29
18
18
18
18
18
29
10
47
47
47
42
42
42
42
42
3
36
44
44
46
46
13
13
9
39
39
39
28
30
30
30
30
36
36
36
14
14
42
42
42
47
47
47
17
16
16
27
27
21
27
14
14
38
38
24
18
18
18
24
13
13
17
17
17
17
17
17
17
17
17
17
11
11
35
35
35
35
35
41
49
39
35
42
42
42
42
42
42
18
18
20
19
19
19
24
42
1
46
35
12
12
27
12
30
42
42
42
42
13
10
10
24
19
10
33
32
28
37
19
19
19
19
19
16
16
20
20
42
6
6
12
12
27
14
14
14
12
19
19
19
19
19
9
