6
2
2
20
17
17
17
17
17
17
15
15
15
21
21
11
5
46
12
12
38
38
17
17
2
2
2
2
50
50
50
50
50
50
50
50
50
50
2
10
27
27
20
3
37
37
48
11
39
39
28
40
32
47
13
13
23
45
45
45
45
45
5
9
9
10
10
41
29
20
20
41
10
44
44
44
46
46
20
28
28
21
17
17
17
49
49
49
49
15
15
15
40
40
27
42
42
47
2
33
36
41
41
16
23
11
11
11
11
11
20
30
11
44
44
44
44
44
39
39
39
39
29
29
27
26
26
26
10
10
10
11
11
11
36
26
45
45
44
23
23
28
28
28
49
47
47
47
39
48
48
30
5
5
2
2
10
10
10
10
16
18
9
5
19
35
19
41
28
37
18
30
32
32
7
37
46
46
46
46
46
29
29
29
9
22
22
12
33
49
8
8
8
35
37
38
38
38
38
8
8
8
