31
31
3
29
29
15
15
15
15
15
6
17
42
42
42
21
21
48
48
48
27
8
50
32
40
40
40
17
23
27
11
11
9
9
42
42
22
22
22
22
33
33
22
22
22
22
22
2
22
9
9
9
9
9
15
15
36
36
36
47
9
8
45
34
34
8
40
45
45
8
15
18
28
1
1
1
1
1
9
9
9
4
4
37
37
37
37
37
10
10
10
10
10
10
10
10
31
32
32
40
3
3
41
1
1
1
1
1
1
50
8
8
2
9
23
44
44
50
34
34
10
10
1
27
27
41
41
41
41
11
16
16
16
16
16
35
38
38
43
43
43
43
25
2
4
12
49
19
46
46
26
27
27
27
27
27
27
27
27
43
27
27
27
27
1
26
45
13
13
22
22
22
34
17
17
49
3
2
39
39
13
19
20
20
7
26
26
20
12
9
9
32
32
32
15
15
8
35
35
32
22
22
