19
19
37
21
21
41
41
49
49
49
49
49
26
26
26
26
22
43
44
44
44
7
25
38
38
38
42
42
16
48
48
48
48
48
48
48
48
10
49
21
19
19
19
19
20
20
20
20
6
36
45
45
45
45
3
3
15
15
8
8
8
22
22
22
22
3
6
25
16
16
16
16
29
34
34
37
1
1
32
32
32
32
32
32
31
31
31
31
9
9
9
26
42
42
42
42
42
42
35
35
35
35
35
35
45
45
45
45
18
12
25
12
12
12
17
17
17
17
22
22
42
26
26
20
20
20
28
28
8
8
8
8
8
39
39
14
14
46
26
26
26
23
23
23
31
31
18
37
21
21
21
21
21
35
35
35
35
45
45
45
45
31
31
31
6
48
48
48
50
50
30
30
30
30
46
50
2
46
46
46
46
12
12
12
12
11
48
48
48
16
5
5
13
8
6
6
47
28
28
28
28
50
