15
15
40
40
40
40
40
11
18
24
24
16
16
41
8
8
8
27
27
27
25
25
25
25
25
25
41
20
43
42
10
41
41
46
46
20
44
44
30
30
9
9
8
8
50
50
50
50
34
34
42
13
9
37
37
27
33
9
9
32
26
6
6
43
50
50
50
24
1
1
1
21
29
32
44
44
33
33
3
34
47
7
33
33
6
36
36
20
30
9
9
18
18
18
18
41
41
41
6
50
9
37
42
42
42
44
4
36
36
36
36
36
36
36
21
21
47
47
47
42
33
33
33
33
24
30
30
30
43
50
9
9
9
9
9
13
26
43
13
13
7
7
7
27
46
46
12
35
50
14
14
14
34
19
33
33
50
27
37
15
41
43
43
43
43
10
13
13
40
40
39
5
5
5
5
45
49
47
47
3
29
29
28
28
28
44
44
20
43
4
40
40
48
24
41
43
8
45
16
9
48
9
