32
32
50
50
50
50
18
18
18
18
23
23
23
23
39
39
39
39
46
49
49
35
35
46
34
20
45
6
6
6
34
5
11
16
16
16
16
16
16
34
18
43
32
44
29
29
29
39
39
46
34
15
15
15
34
29
29
29
29
29
29
38
4
4
12
12
35
35
35
32
22
22
49
49
49
49
14
22
32
32
32
49
47
47
36
46
49
49
42
46
46
46
46
19
41
41
41
4
48
48
2
2
2
2
31
31
31
31
31
18
23
23
23
10
1
1
1
40
40
18
18
34
2
2
2
4
4
43
43
26
26
50
16
29
29
38
38
38
38
38
38
40
40
40
40
21
21
14
14
20
20
25
37
37
37
24
24
7
48
48
23
23
23
23
13
13
13
43
47
11
11
50
26
26
7
18
18
18
13
13
2
1
25
25
25
25
43
43
37
35
9
18
32
9
44
23
31
31
31
13
13
13
