1
1
26
26
17
35
35
35
41
41
41
41
43
43
44
44
1
14
14
14
14
29
29
9
44
25
25
26
47
25
25
25
25
3
3
38
18
32
32
1
1
38
38
38
38
38
38
10
44
44
40
40
40
37
7
39
39
41
41
41
30
4
4
4
4
4
19
39
39
9
9
9
9
4
50
45
45
45
45
24
46
38
38
30
30
30
33
7
7
3
9
37
16
29
29
19
19
15
48
48
48
48
48
48
48
26
26
26
49
49
49
28
9
4
41
41
18
16
34
29
27
27
30
30
26
1
4
20
33
33
33
33
47
47
46
48
33
33
7
28
50
50
50
9
18
18
18
13
31
8
8
48
48
48
48
19
43
4
35
35
17
31
31
31
36
38
38
38
45
29
29
29
41
41
22
22
22
22
22
22
22
22
22
16
16
16
42
14
48
23
23
23
2
22
22
30
30
30
7
11
42
3
