4
4
28
28
28
28
36
36
36
36
21
21
25
25
30
17
27
14
14
14
5
4
4
4
4
7
24
24
14
45
45
45
45
45
45
34
26
36
38
38
34
17
17
23
23
5
29
29
3
3
40
40
23
23
23
23
25
19
19
19
44
44
9
9
9
37
45
46
31
46
3
3
44
23
50
50
50
50
50
50
50
50
50
29
14
19
8
41
47
47
47
47
47
47
37
27
27
27
32
32
4
4
2
49
49
49
49
49
43
49
49
49
33
17
16
3
3
41
18
34
34
11
13
6
6
6
6
6
6
6
6
6
38
38
38
38
27
27
27
43
12
43
43
14
42
21
21
21
21
21
21
21
21
41
41
41
48
22
22
47
47
47
36
36
18
18
18
28
28
28
28
1
28
28
28
28
28
28
45
33
33
50
36
45
30
31
6
48
48
48
48
22
22
22
22
42
42
42
24
24
24
24
