20
20
29
21
27
27
27
27
32
32
32
32
32
26
50
50
50
36
36
20
21
29
21
44
28
36
36
19
19
19
19
19
6
20
50
50
50
50
50
50
50
50
28
28
22
22
50
38
2
25
35
35
26
26
37
32
12
46
46
46
46
46
46
19
24
16
49
46
46
19
15
15
39
39
35
35
35
6
6
44
31
16
16
5
48
31
31
31
13
13
21
21
42
4
49
49
2
2
2
2
2
2
2
2
47
32
32
34
34
34
34
3
13
35
23
17
17
9
9
6
11
11
28
43
43
21
21
6
47
47
1
44
44
44
7
45
45
8
27
27
5
5
31
31
31
22
22
35
35
4
4
4
23
3
23
15
15
15
29
25
25
47
20
42
49
39
30
30
6
25
25
12
35
35
35
35
35
15
20
2
2
27
27
27
16
16
16
3
3
25
25
25
25
2
5
2
12
12
12
12
14
42
