17
34
34
34
34
34
45
7
45
45
15
15
9
5
5
29
32
18
28
21
29
29
17
17
17
17
17
17
45
33
33
33
33
2
10
50
34
5
20
20
32
18
42
4
4
49
49
16
16
16
47
6
6
6
6
6
43
43
4
4
17
3
10
10
40
49
49
49
3
3
40
40
40
35
35
31
12
6
31
1
1
1
27
19
19
15
15
15
49
14
7
18
18
18
36
36
36
36
36
36
36
36
36
14
14
14
46
38
17
17
34
32
37
43
19
8
6
6
44
27
26
26
26
10
40
26
5
10
41
50
6
36
36
34
34
8
8
26
34
30
30
10
48
48
19
35
35
35
40
40
14
14
14
5
20
4
4
4
4
3
3
3
3
11
18
18
18
18
32
32
32
21
44
31
31
31
31
49
25
25
25
50
50
45
40
34
4
4
4
24
9
15
15
15
12
10
42
42
34
45
28
29
