38
29
29
29
29
29
3
3
3
3
9
47
47
5
5
46
46
46
11
35
5
5
44
44
3
3
3
3
15
15
15
15
7
7
7
50
50
50
50
37
47
45
45
9
9
9
9
9
28
28
28
28
28
28
38
38
38
26
36
12
50
50
47
47
47
37
8
48
48
48
6
6
6
6
6
6
6
9
9
9
9
4
19
34
34
29
29
30
30
48
5
11
11
11
11
11
11
47
38
5
5
22
26
49
4
4
4
4
4
3
3
13
25
13
6
6
6
6
41
41
11
11
37
12
41
41
41
21
21
31
31
2
10
10
10
50
12
12
22
22
22
22
22
22
22
6
24
10
10
10
5
44
44
25
29
35
3
31
2
9
9
9
9
9
2
21
21
9
9
9
9
16
19
19
19
19
17
17
17
17
31
31
31
31
31
25
24
24
42
42
35
44
10
7
7
27
27
27
27
27
27
27
