25
25
25
25
34
34
34
43
43
43
43
6
31
7
13
21
48
48
44
44
13
13
13
6
24
14
14
49
8
32
17
17
17
17
17
23
23
47
17
49
49
49
49
6
6
12
12
12
1
1
2
11
8
20
20
37
37
37
37
37
12
14
16
33
17
7
7
7
14
14
14
14
14
14
14
25
38
45
31
31
5
42
42
11
48
40
40
22
22
22
17
17
17
39
39
39
39
39
48
19
19
19
22
22
22
22
22
22
21
21
16
16
3
3
12
12
21
21
21
21
21
21
18
22
22
22
35
35
19
19
19
28
28
1
47
32
23
23
6
21
21
21
5
27
27
27
27
27
27
27
27
27
27
27
27
27
21
38
20
31
14
2
2
9
9
9
9
9
46
46
48
3
3
3
3
3
3
50
50
50
8
8
8
8
35
50
8
27
11
12
49
49
28
28
28
28
18
50
8
21
13
10
