11
37
37
37
37
43
42
43
43
9
9
45
13
44
39
11
11
11
12
12
39
39
39
39
39
39
39
42
42
7
38
38
38
38
43
43
43
28
6
38
41
8
41
45
45
32
32
18
39
29
15
48
21
25
25
25
21
21
21
21
8
8
8
46
46
7
14
14
31
32
32
32
32
47
47
42
42
42
42
42
26
24
24
24
24
46
4
38
38
38
38
38
38
38
38
40
40
45
45
2
47
39
42
29
29
15
15
15
43
28
25
25
25
25
25
39
39
1
40
40
3
4
48
48
10
10
10
10
10
47
47
47
47
47
47
19
49
46
46
46
6
6
24
1
48
28
28
16
16
21
21
21
47
47
50
50
50
50
5
5
49
49
40
8
4
4
4
18
18
19
19
19
26
32
5
30
46
46
1
3
48
48
48
16
16
16
37
37
37
37
37
29
41
41
11
19
19
19
38
10
49
15
