48
48
48
24
19
19
19
19
19
19
19
38
38
39
39
39
11
11
11
23
23
23
1
1
1
1
1
1
1
45
2
11
11
11
11
17
17
21
15
25
25
2
34
32
8
8
8
42
31
11
37
37
37
37
43
26
21
21
21
21
21
6
47
47
8
8
31
40
25
9
43
43
43
42
42
42
40
44
44
49
37
46
46
7
5
27
27
3
3
3
3
3
35
35
33
22
22
22
22
22
22
25
31
31
31
31
7
46
46
43
43
43
43
3
28
28
28
47
48
16
41
41
41
41
19
19
19
19
19
49
49
49
8
42
42
42
42
42
16
16
17
3
13
44
44
41
41
41
8
2
38
36
21
21
30
6
23
29
29
29
29
37
37
38
38
38
41
41
41
41
41
41
41
41
41
21
46
46
46
46
5
5
47
47
47
47
47
47
8
8
8
8
48
49
49
49
49
49
38
38
29
29
