12
24
15
15
15
15
15
15
7
7
7
7
7
7
7
7
20
20
18
20
9
9
25
34
34
24
24
29
29
39
10
10
10
37
40
46
46
33
33
15
48
8
8
33
33
13
27
27
27
27
27
27
44
29
29
29
34
34
34
34
34
34
25
2
46
23
20
20
20
20
20
41
41
41
35
35
35
35
30
4
37
18
33
29
29
29
39
33
25
25
7
34
36
13
15
15
15
15
3
3
3
48
48
48
5
5
35
35
10
4
4
4
4
4
21
21
20
20
20
20
20
48
48
48
3
25
25
25
33
33
41
41
41
1
24
24
24
5
41
7
2
20
29
17
17
5
27
27
27
27
27
40
40
40
40
40
18
18
19
9
9
9
9
9
9
2
2
4
20
20
20
20
11
28
28
45
37
37
36
36
36
36
44
44
15
15
15
3
19
19
19
19
19
11
15
15
38
38
38
19
19
19
