28
28
28
28
28
24
5
5
5
5
5
5
5
17
26
36
36
36
43
41
24
24
24
14
14
2
44
43
45
36
36
35
35
50
50
50
50
50
50
39
22
20
20
20
18
18
38
38
38
3
2
18
18
18
40
4
4
4
27
27
46
35
50
50
50
50
50
49
49
37
37
37
37
37
37
37
37
37
37
37
37
12
20
2
2
2
2
2
24
24
24
24
40
40
40
41
49
45
45
45
44
44
44
4
16
16
16
16
13
43
11
11
18
18
18
18
31
1
9
9
7
2
40
39
35
35
20
20
20
13
29
29
29
12
12
44
6
6
6
7
7
1
44
1
1
35
11
11
15
15
15
15
20
20
20
20
20
21
43
27
40
43
43
43
43
14
14
32
28
28
2
48
4
4
2
2
2
10
19
19
13
13
13
27
27
48
48
46
43
43
43
43
43
45
40
43
30
30
30
30
30
26
