48
24
24
24
24
24
17
17
17
21
46
46
6
3
43
36
36
36
36
45
45
45
8
8
28
6
4
4
26
21
21
46
46
46
3
3
14
14
15
32
41
30
30
30
29
29
7
30
30
48
48
35
35
35
35
35
2
36
36
36
36
36
36
36
36
20
20
22
37
25
32
22
40
27
10
12
12
17
17
7
7
7
7
7
7
10
10
10
2
2
2
2
18
18
18
18
18
50
50
50
50
11
11
50
44
24
24
24
24
42
48
38
36
29
29
29
6
31
32
7
14
24
24
24
24
11
11
11
41
41
7
7
7
7
32
49
49
31
26
26
30
29
29
24
24
46
24
24
3
3
49
49
23
23
23
22
22
22
22
27
27
27
30
36
36
3
33
32
32
32
7
8
33
28
28
49
7
7
49
49
43
14
14
14
14
14
24
15
15
15
38
38
38
43
2
2
2
2
48
19
15
15
