7
7
7
7
22
22
22
22
22
33
38
17
17
17
40
40
19
19
19
45
45
45
26
31
24
24
18
20
20
45
45
45
45
45
25
25
25
25
45
45
45
31
5
11
39
39
39
38
47
9
45
45
45
45
45
24
38
38
35
35
35
25
25
25
29
29
29
5
18
18
18
18
18
38
34
34
31
40
32
32
42
42
46
8
41
41
41
24
30
30
30
30
39
39
8
11
11
33
33
18
18
4
4
4
21
21
21
21
39
39
45
45
45
45
5
42
42
24
43
43
43
17
17
17
17
50
50
2
2
2
2
2
45
45
27
39
4
32
32
32
48
17
42
42
50
25
25
25
24
33
33
12
12
12
21
21
43
43
39
39
39
39
7
7
7
7
7
40
33
48
36
27
39
8
45
45
45
45
45
45
45
32
30
40
31
12
12
12
12
12
35
35
38
17
17
17
20
20
14
19
38
38
