12
26
26
26
46
46
8
13
13
47
47
47
11
50
50
50
50
50
50
6
3
37
37
16
47
41
41
41
1
1
1
1
1
37
49
49
31
41
35
41
38
19
32
10
50
50
7
43
43
37
6
29
14
14
14
14
14
45
12
12
12
12
12
1
21
49
7
22
22
22
22
22
22
41
41
41
35
48
44
10
11
2
2
2
2
33
33
33
33
33
33
33
33
4
42
16
25
25
25
25
29
29
29
15
33
33
33
21
28
1
41
6
44
33
43
43
43
43
43
43
43
43
43
43
43
21
21
21
21
30
26
26
26
26
18
1
1
43
1
39
34
8
8
49
16
10
20
20
14
7
14
14
12
12
41
41
41
41
41
14
5
5
5
5
5
5
21
21
21
21
21
21
5
12
12
17
40
40
28
28
28
18
36
12
12
48
34
34
12
12
12
47
47
25
25
25
40
42
38
3
47
39
