9
13
13
13
47
48
48
48
48
15
15
15
15
3
34
34
34
34
34
34
28
28
28
12
12
12
27
40
40
40
2
2
2
26
31
31
31
31
50
50
50
50
50
50
50
42
37
37
39
39
5
5
5
5
4
4
4
29
9
9
14
48
2
10
10
50
39
46
40
40
14
14
14
43
31
29
40
40
4
27
4
37
37
37
37
31
31
31
15
15
15
43
43
3
42
18
18
18
35
17
10
10
10
10
10
14
42
31
31
31
14
14
14
12
5
46
20
20
20
21
21
21
28
28
35
35
35
35
23
23
23
28
20
20
46
40
40
33
23
40
29
6
22
22
22
22
37
44
33
33
33
33
33
37
37
22
31
31
31
9
9
43
50
6
6
6
6
6
50
50
29
29
46
46
46
46
50
50
50
50
50
50
50
50
50
50
1
39
28
10
10
10
29
29
13
30
33
33
29
19
26
3
