20
20
20
20
28
40
40
29
30
30
30
6
47
47
47
33
26
26
26
12
12
12
12
49
49
14
25
25
42
42
42
32
10
10
10
10
14
31
31
39
28
28
29
29
27
11
11
11
28
7
15
15
15
15
29
29
29
29
29
26
26
26
26
26
25
25
25
25
25
34
18
1
1
1
1
6
31
31
31
18
3
8
48
48
48
12
12
9
9
9
9
18
18
18
15
15
15
19
47
12
12
28
28
28
32
32
32
36
36
40
40
22
42
29
29
18
18
18
43
49
28
8
38
20
11
11
11
11
11
11
11
11
11
44
44
44
44
34
34
27
27
27
13
39
39
15
15
28
28
21
21
21
44
13
13
10
10
19
34
34
34
34
34
33
1
1
13
6
41
1
1
1
43
44
44
44
48
31
7
35
7
35
21
21
21
8
8
8
8
12
12
32
32
24
24
43
43
43
43
31
31
37
