13
13
12
43
43
37
37
13
13
13
13
13
20
20
20
20
20
4
31
40
44
44
30
30
30
30
47
13
39
39
36
17
13
13
12
12
12
5
5
20
20
45
26
26
35
35
2
2
26
26
16
16
16
16
16
26
26
47
47
47
47
35
38
42
3
2
13
41
4
37
37
37
37
11
32
48
48
48
24
24
45
45
3
32
32
6
6
6
6
26
9
31
31
31
31
36
36
24
27
27
27
2
2
2
19
19
46
21
35
35
38
38
38
38
21
21
12
33
33
33
33
24
27
3
17
16
16
16
16
30
30
1
1
10
10
10
10
10
5
28
37
37
14
38
38
16
16
16
16
16
14
14
39
45
45
45
45
45
40
40
40
40
40
40
42
47
31
12
12
12
12
49
23
23
23
11
37
24
24
24
24
6
6
6
3
33
33
33
33
33
10
10
10
10
10
10
18
26
35
11
45
45
