38
38
50
50
50
30
3
3
34
34
21
21
21
5
4
17
21
29
23
22
17
21
21
40
24
24
36
1
1
16
16
32
16
4
4
44
44
44
38
15
15
35
5
5
5
5
5
43
50
22
22
22
41
41
41
41
41
45
45
19
19
19
19
13
8
8
8
23
23
23
15
35
2
50
17
40
18
18
36
36
26
26
23
25
25
25
25
25
50
2
42
24
24
24
24
24
24
24
12
9
38
8
8
8
8
8
44
44
23
23
30
40
28
18
4
4
46
46
33
33
33
33
33
33
33
33
42
42
42
2
2
2
2
17
16
14
24
24
41
30
41
41
41
41
41
41
41
41
44
44
39
27
46
19
19
19
19
19
19
19
2
2
2
2
2
2
4
2
35
35
43
12
12
12
12
12
49
23
39
39
43
43
47
47
36
34
36
8
20
26
26
26
2
11
11
16
16
16
27
49
49
49
