14
35
36
36
32
5
11
11
11
11
35
29
29
25
46
46
25
18
18
18
18
18
48
16
16
49
49
49
49
49
49
34
34
34
10
10
14
14
47
47
47
17
17
24
24
24
24
24
20
30
29
29
29
29
29
29
34
34
40
15
15
26
15
15
15
15
15
47
40
40
46
46
46
46
35
41
41
12
12
3
10
40
40
19
7
24
8
8
41
12
12
18
18
18
38
21
9
9
9
32
32
32
32
14
14
14
41
41
35
10
10
10
10
10
31
31
4
4
4
17
17
17
17
5
5
5
5
35
35
35
35
35
35
35
35
41
8
9
20
14
28
28
28
28
28
42
26
22
22
22
22
22
3
16
6
6
38
38
17
31
6
22
44
19
6
48
14
14
37
42
42
42
42
25
25
25
4
4
39
16
16
16
6
6
19
22
22
47
47
47
47
38
38
17
38
5
5
5
5
5
5
16
