13
13
16
16
16
37
14
14
14
33
33
50
50
50
50
24
24
24
40
40
38
5
44
50
36
36
33
33
33
33
33
33
33
33
1
1
1
27
27
29
40
25
25
45
45
45
45
43
27
17
17
17
3
2
2
37
37
37
37
24
39
39
39
39
39
4
39
3
3
3
35
35
35
35
14
14
14
14
14
14
14
27
27
3
10
17
17
17
17
17
9
46
46
46
29
29
29
46
46
18
18
4
37
25
17
36
36
36
42
42
31
31
31
31
18
18
18
18
20
20
17
17
32
39
17
17
5
38
41
3
18
11
6
26
7
7
2
39
39
39
39
50
18
18
46
46
36
36
36
46
46
41
40
40
47
23
23
23
9
17
40
40
40
40
18
49
49
49
12
12
29
29
29
31
31
11
11
17
17
46
36
36
38
44
30
24
22
22
22
23
22
44
26
43
43
43
32
32
32
32
33
19
