5
5
31
31
14
25
36
20
24
33
13
23
30
11
7
7
25
33
33
33
33
33
33
47
47
39
48
48
11
11
11
11
13
24
24
22
14
14
14
19
15
30
30
30
30
30
30
30
5
5
1
39
32
32
18
18
20
5
5
5
5
5
5
5
38
38
35
45
45
33
33
33
50
50
3
35
35
35
42
46
46
46
9
39
28
28
28
28
28
39
50
50
50
45
17
35
7
50
40
46
46
41
28
28
20
18
18
18
48
37
37
44
48
12
12
12
24
42
20
11
27
38
38
38
38
21
21
21
46
21
21
50
50
50
50
50
38
38
20
20
45
45
45
45
45
45
45
45
13
12
11
11
17
28
28
28
28
39
25
25
25
6
6
34
34
34
31
31
26
6
22
22
20
40
28
42
42
19
19
7
45
45
38
10
10
47
15
39
39
39
19
46
43
27
27
21
21
21
21
46
46
50
