37
45
47
47
13
1
1
15
15
15
15
8
27
27
27
34
34
1
23
2
15
10
32
36
36
36
42
42
5
5
8
8
19
19
37
37
37
46
21
8
8
42
50
50
50
50
50
38
38
30
43
43
43
43
49
43
17
17
19
45
17
18
7
7
7
7
7
38
38
38
2
2
15
15
15
19
19
19
21
21
21
10
10
31
31
15
14
14
9
9
9
9
20
21
37
37
37
37
20
22
19
19
5
5
5
5
5
37
23
23
2
2
2
32
32
32
39
46
46
46
46
49
49
11
19
19
19
28
17
9
9
44
44
13
9
9
49
49
49
49
49
31
31
7
7
7
7
7
7
7
7
7
7
7
15
29
9
9
10
10
10
40
14
14
20
1
1
1
18
19
45
45
12
12
20
20
20
1
31
35
35
35
35
35
35
35
35
6
6
18
32
13
13
10
39
39
25
27
27
9
43
40
