20
31
41
41
41
42
42
42
32
32
7
7
14
22
22
22
23
3
3
3
3
19
50
34
44
44
44
44
44
47
24
28
28
29
29
32
32
19
23
9
9
9
9
6
35
35
4
4
4
28
36
35
36
15
10
10
18
18
48
48
34
34
33
33
33
33
33
24
24
24
37
13
13
13
13
13
1
1
1
9
9
9
3
44
44
44
44
44
27
27
27
40
20
14
10
1
1
1
1
1
1
1
1
1
1
1
1
48
48
40
40
34
34
34
34
34
34
34
34
48
48
48
14
42
35
19
19
9
9
37
39
39
15
15
35
32
49
32
32
14
14
30
30
30
48
48
5
5
25
15
28
4
11
9
24
24
24
24
24
3
3
3
3
3
5
5
40
33
2
24
25
38
14
14
18
42
42
24
24
36
36
36
17
50
32
32
43
43
34
31
1
1
21
21
21
21
21
21
48
17
17
17
