9
14
14
14
14
14
11
11
11
11
4
4
4
4
15
10
5
7
45
23
23
23
8
33
19
1
1
1
1
48
48
17
17
27
37
45
45
9
9
1
33
33
6
6
4
39
39
39
23
12
22
2
2
38
2
2
2
37
37
21
31
31
21
13
12
5
14
14
10
1
1
1
8
24
24
24
24
23
23
23
18
18
2
31
38
38
38
38
38
28
28
14
18
36
35
32
20
20
25
25
39
39
41
41
32
18
18
2
2
2
2
2
23
23
19
30
3
13
13
3
3
3
27
10
10
10
10
4
4
8
13
26
26
33
33
47
47
47
22
22
22
48
48
48
50
50
50
34
34
34
34
49
49
49
11
1
1
12
35
25
7
7
7
7
28
28
33
33
19
19
19
9
9
9
10
20
3
37
37
5
5
5
5
5
11
11
41
41
7
31
5
44
44
44
11
11
11
11
36
50
43
13
