7
39
39
39
39
39
39
39
39
42
33
26
32
32
32
32
42
42
42
42
42
42
30
30
23
23
23
23
20
20
20
16
35
40
40
45
45
45
45
20
20
13
22
22
42
42
3
3
45
45
45
45
3
3
25
11
11
11
39
4
4
19
19
10
21
21
46
46
16
47
39
39
1
1
29
29
42
40
40
40
40
39
37
37
11
11
11
11
11
45
33
33
33
33
33
33
33
40
40
40
40
33
33
43
47
47
46
46
34
39
43
46
46
2
2
2
2
2
2
2
47
47
12
41
13
3
5
5
5
19
46
46
7
17
11
11
21
26
26
26
27
27
6
6
1
1
1
1
1
1
1
1
8
1
38
14
12
26
26
26
26
33
33
37
36
44
44
29
29
22
25
35
35
35
29
29
29
18
38
38
38
38
38
38
38
38
38
38
38
16
16
38
14
14
14
14
14
20
9
9
31
31
