44
37
50
50
45
13
50
50
41
37
35
17
17
44
39
39
45
45
45
38
33
43
50
50
50
44
36
12
19
48
48
48
7
7
6
13
24
24
22
45
45
29
42
42
42
46
5
7
2
2
2
2
39
39
31
29
41
41
19
19
23
23
23
48
6
6
42
42
42
11
3
36
6
50
50
27
18
44
44
46
34
21
21
21
21
21
21
45
45
40
40
41
41
41
41
41
18
14
14
14
29
50
50
26
26
26
14
36
33
15
42
46
32
32
32
22
22
43
12
8
8
18
18
18
1
1
1
16
16
41
41
10
9
9
9
9
9
9
28
6
47
15
15
15
22
33
46
46
18
18
44
35
32
45
45
45
49
49
21
21
21
21
3
50
50
50
50
50
50
14
6
31
31
31
31
47
47
47
47
47
47
8
44
44
44
27
27
18
18
18
1
1
1
1
1
47
33
32
35
20
40
40
