25
25
25
25
25
25
25
28
33
33
30
37
20
20
17
17
19
19
19
42
42
42
6
6
21
21
21
9
47
47
28
4
32
32
49
50
18
33
2
2
2
37
37
1
1
1
1
1
1
35
35
45
45
19
39
47
47
8
2
7
7
7
6
6
15
15
15
44
44
26
26
24
24
22
38
38
37
32
32
32
32
23
34
42
18
15
15
22
22
42
42
26
26
17
9
9
22
41
8
8
18
18
18
18
18
18
7
7
23
29
14
24
24
6
6
6
6
22
8
49
47
47
47
2
2
27
47
47
1
2
2
22
22
22
41
13
1
1
31
31
31
1
1
11
11
11
11
39
39
14
48
36
14
46
35
44
44
15
20
38
38
38
36
36
36
12
12
12
12
12
45
1
47
20
20
20
37
37
37
37
47
16
16
16
16
16
16
19
19
19
19
41
41
47
47
47
47
29
8
14
41
5
