18
18
18
18
18
18
33
33
33
17
4
4
24
36
36
36
36
36
36
36
41
23
45
45
45
39
39
37
37
37
37
37
37
5
12
4
4
4
4
4
25
25
47
47
23
23
15
15
21
21
21
21
21
23
23
23
23
20
24
40
40
3
3
49
49
37
11
11
11
11
44
17
32
32
32
32
16
34
34
34
34
10
4
40
24
31
24
27
2
2
26
26
6
23
23
23
16
30
45
45
23
10
2
2
43
14
26
44
44
44
29
29
36
36
10
10
10
27
36
14
40
40
16
31
31
37
27
16
16
21
21
14
13
31
4
45
45
45
45
45
39
39
39
10
10
10
10
10
46
46
46
12
12
38
38
25
26
25
20
20
20
20
35
35
35
17
17
15
23
23
47
11
39
39
2
42
6
36
36
36
36
21
45
14
50
50
50
50
50
50
50
50
45
42
42
42
42
42
17
29
29
29
