35
1
47
47
40
26
26
26
26
26
26
35
30
30
30
37
9
9
9
9
13
3
3
3
7
1
12
12
12
12
12
12
12
20
38
38
3
2
2
2
2
2
2
49
48
12
47
45
45
18
2
2
11
11
43
33
41
41
45
17
17
17
17
17
17
17
17
17
17
17
21
21
21
38
38
14
46
14
14
25
31
31
50
50
50
50
50
17
44
32
32
32
32
7
7
7
7
7
42
42
46
46
46
3
3
3
3
49
28
45
4
50
14
14
42
37
18
34
34
42
42
42
41
41
12
12
40
40
40
22
3
34
18
18
28
28
28
28
1
1
42
19
8
48
45
49
3
3
40
40
40
40
20
20
39
39
35
49
49
49
25
40
40
42
42
42
42
42
42
8
8
31
31
31
39
20
49
49
1
1
4
27
27
27
27
2
34
34
34
34
34
34
8
27
27
8
47
5
21
5
5
5
