29
30
31
6
6
24
34
18
18
21
15
15
43
43
21
21
21
21
3
3
3
3
40
40
15
15
15
30
30
39
45
7
47
47
47
47
25
25
36
36
15
15
13
13
21
5
5
37
16
16
19
10
10
19
19
19
30
11
44
43
44
39
27
27
25
11
11
11
36
36
29
29
9
9
9
47
47
49
49
33
33
33
33
33
33
33
44
46
22
22
32
43
4
27
1
31
31
38
38
7
7
7
4
4
4
48
39
39
20
20
11
26
25
25
13
45
45
13
13
13
13
44
49
49
9
9
9
9
20
25
41
41
41
24
45
17
17
17
17
17
17
17
42
42
42
20
38
10
35
35
47
45
6
6
6
6
13
6
35
28
28
44
47
47
34
34
34
12
25
38
37
11
39
42
42
11
46
41
41
41
41
9
9
21
21
21
28
20
37
29
22
22
11
4
4
4
23
23
23
23
24
17
