49
49
41
41
49
9
46
15
15
15
22
9
40
44
44
23
23
23
3
3
14
10
10
10
10
45
45
43
30
30
30
30
30
14
14
14
4
4
16
16
16
50
35
35
35
35
1
4
4
4
23
8
2
11
43
15
15
15
15
15
15
46
31
31
31
31
40
33
33
3
16
16
3
29
47
33
40
40
27
34
34
34
34
27
17
17
18
15
47
47
15
45
22
30
20
20
20
4
47
47
27
27
27
26
26
26
26
12
32
32
3
3
3
42
42
42
10
10
44
44
47
27
24
24
24
24
23
10
43
38
38
5
5
5
5
44
44
22
16
1
1
11
11
12
50
50
31
31
31
26
26
26
4
4
4
4
4
4
42
42
1
15
4
4
4
6
6
19
19
48
2
2
2
36
36
5
34
19
19
15
36
17
37
37
21
47
47
30
42
42
42
42
42
32
32
47
47
47
9
27
17
42
