38
31
26
39
39
39
39
2
14
9
9
9
9
43
43
24
24
43
49
49
50
50
27
49
49
49
45
45
45
18
48
48
48
48
44
44
44
44
35
35
9
43
25
11
11
11
11
11
11
12
19
19
19
19
19
19
13
46
46
26
8
8
8
8
41
41
7
7
7
7
21
13
13
13
27
27
26
26
26
19
24
24
24
50
50
11
11
21
25
25
25
25
40
18
18
28
28
7
7
7
25
11
11
11
11
11
11
11
26
39
30
30
40
40
40
40
40
40
34
34
32
32
32
32
38
45
45
21
48
9
36
36
30
30
30
49
49
49
49
33
33
5
5
5
11
12
29
29
28
28
35
21
21
17
30
2
17
17
28
23
23
26
26
15
31
31
31
31
31
46
46
46
46
15
3
45
45
45
45
45
40
40
12
12
34
34
34
34
5
5
5
5
5
16
4
4
4
4
4
46
46
26
