18
18
13
42
47
31
31
24
18
18
7
42
27
27
13
13
15
15
36
48
43
43
43
43
37
31
31
31
31
30
1
13
13
50
25
25
26
26
26
47
47
47
47
5
5
5
5
28
26
23
34
34
34
34
34
36
40
40
27
10
10
10
10
34
10
8
34
1
21
21
21
20
20
20
48
43
3
20
20
8
13
17
28
32
32
32
32
38
38
27
27
41
40
38
38
33
33
2
5
4
4
27
31
2
2
50
50
41
4
4
4
5
5
5
5
5
42
42
42
44
44
26
26
31
31
31
6
6
6
6
6
49
49
17
45
22
29
29
9
12
12
46
48
42
32
42
42
42
42
25
37
21
40
40
40
18
18
18
18
18
13
2
37
18
18
11
11
11
45
22
45
45
45
45
45
45
45
45
9
15
29
29
1
1
1
27
27
44
44
4
46
46
46
46
46
13
13
33
33
17
45
45
