38
38
38
10
10
10
49
49
19
14
14
14
40
23
23
23
23
32
37
34
34
12
12
37
31
7
7
27
27
27
31
31
31
31
31
31
31
22
22
22
22
30
30
34
34
34
34
34
34
15
15
50
20
25
12
12
8
20
40
29
29
46
1
1
50
50
50
50
42
42
42
49
27
27
6
6
1
1
1
8
41
41
41
41
47
27
27
30
19
19
19
19
19
29
29
29
29
33
17
29
29
10
8
8
8
3
21
21
21
19
19
19
19
19
19
19
19
19
19
9
28
50
4
32
32
32
14
14
14
14
14
31
31
31
32
6
6
6
8
30
5
5
5
5
5
48
48
37
28
22
22
40
40
40
40
13
13
34
34
22
22
44
50
50
35
35
16
16
16
30
30
46
46
46
12
5
14
14
46
46
46
46
46
46
7
7
41
41
37
37
29
29
29
48
31
31
31
31
6
26
20
20
