31
35
43
24
33
33
42
42
42
15
21
19
23
23
23
28
41
33
24
2
2
30
32
23
23
23
37
18
15
23
23
8
45
34
50
50
50
50
33
43
1
30
30
30
30
30
20
20
5
41
41
7
7
7
7
7
7
29
29
50
34
50
3
37
12
41
41
7
7
7
7
23
23
46
33
9
9
9
9
9
6
6
19
19
19
46
31
8
23
25
25
32
32
35
35
21
21
21
33
33
33
25
7
7
43
47
47
47
47
43
43
45
45
45
45
43
43
43
43
17
48
25
25
25
25
22
22
34
34
34
17
17
42
7
48
50
50
50
32
43
43
43
49
10
10
10
44
44
36
36
19
19
19
19
19
19
19
6
39
2
33
50
48
48
48
36
36
36
36
36
33
33
33
33
33
33
33
33
5
5
5
48
48
49
49
43
43
43
43
43
43
43
43
6
45
45
26
26
26
44
31
26
