39
39
39
39
41
19
19
17
17
40
19
19
19
50
10
10
10
10
10
48
48
25
37
37
37
44
12
19
19
19
31
31
38
38
38
38
30
37
37
37
37
6
30
30
30
30
14
14
27
27
2
2
22
4
4
23
23
47
1
1
1
23
21
29
29
29
29
30
30
30
8
8
8
31
17
17
17
17
33
50
22
22
22
14
14
14
14
14
44
44
44
44
22
9
4
4
4
4
40
40
40
40
37
37
6
6
26
13
13
13
13
31
31
13
13
18
18
15
15
15
29
29
29
29
8
11
7
7
7
47
47
47
31
31
50
49
49
8
8
8
47
47
47
47
24
23
23
23
31
31
10
25
1
11
44
44
26
26
26
26
26
18
18
18
11
31
31
31
37
37
46
8
7
3
3
3
23
23
23
41
41
41
41
41
26
26
9
9
40
40
40
40
40
40
40
24
24
35
17
17
19
2
