37
37
37
37
18
18
6
6
6
11
17
17
14
14
14
1
28
35
6
30
37
48
48
48
19
1
1
45
45
6
6
33
33
1
17
42
42
42
42
42
42
44
10
39
39
37
37
45
18
18
18
30
30
30
13
13
46
9
9
9
9
9
9
9
9
9
9
9
19
18
18
32
6
24
24
24
7
7
7
7
41
1
1
22
44
44
44
44
44
44
44
44
44
48
9
9
18
18
18
2
48
48
48
48
48
48
48
28
28
28
28
28
30
30
21
49
49
49
35
9
41
41
41
41
41
13
14
14
39
7
7
11
19
35
35
17
18
42
9
9
9
9
36
44
48
11
11
11
21
21
21
36
26
26
26
26
26
9
22
6
32
26
48
9
14
36
44
7
7
48
13
22
35
35
13
42
42
9
28
36
36
39
39
46
48
49
35
9
49
49
18
28
45
45
45
17
36
36
36
22
22
22
