34
39
22
22
22
22
22
22
47
47
45
45
40
28
33
33
46
46
6
47
47
9
9
22
22
6
6
6
7
7
13
13
25
11
49
49
20
20
11
11
11
11
11
11
4
4
8
8
21
21
21
21
47
47
47
47
49
49
28
46
48
45
50
28
26
26
21
21
21
32
32
36
36
36
17
18
18
20
44
3
3
3
3
19
19
31
11
10
10
10
17
2
2
29
9
24
24
24
27
27
43
43
43
43
43
9
9
48
2
2
2
2
6
6
33
33
2
2
2
2
2
2
47
47
47
38
49
3
10
10
10
10
23
23
23
23
23
26
23
23
19
37
37
37
37
37
37
37
37
37
37
11
11
3
45
8
8
41
26
26
26
26
19
19
19
23
9
43
43
24
24
24
17
17
17
17
4
47
15
14
14
14
49
49
49
49
9
18
20
20
20
20
31
20
28
39
8
39
39
14
42
8
