18
18
45
45
32
4
23
45
39
12
35
35
35
46
7
7
15
37
10
26
18
4
4
4
23
28
24
4
40
40
40
20
39
39
13
13
41
33
44
4
31
31
26
26
26
42
6
13
13
13
15
27
20
34
39
14
40
14
14
14
31
31
31
31
31
40
22
22
18
15
13
12
42
42
31
31
31
31
31
43
43
48
48
28
17
43
27
49
10
7
7
7
6
6
28
12
12
12
12
6
18
7
7
43
30
26
2
25
25
25
4
4
40
20
20
19
25
25
25
25
25
25
25
25
2
5
5
30
30
41
41
41
29
29
29
29
29
29
29
29
29
29
28
45
45
45
34
34
34
34
34
15
44
22
22
16
37
37
37
37
9
25
30
12
13
34
3
3
29
29
29
29
29
19
45
45
15
2
4
4
46
24
6
31
17
28
2
2
26
26
48
28
28
28
28
25
25
25
25
25
12
12
