16
16
16
16
16
16
16
16
48
48
35
6
6
28
7
9
25
39
24
47
47
47
47
21
21
15
26
26
50
22
22
26
26
43
48
31
6
6
6
42
42
42
34
34
2
2
33
28
28
42
50
1
1
1
1
17
36
36
2
12
12
12
28
28
28
22
22
26
26
42
42
45
17
16
16
41
11
11
41
18
13
13
13
13
13
13
10
10
10
10
10
10
19
19
39
48
48
48
16
16
16
2
2
2
6
19
49
49
49
49
49
22
22
22
22
49
49
49
49
37
12
34
34
41
29
24
40
40
24
24
24
18
18
18
18
18
18
8
8
8
14
14
14
14
21
11
11
17
27
27
18
18
19
41
22
22
22
22
24
20
20
26
30
30
30
40
40
44
44
45
3
31
10
10
40
11
25
27
25
25
49
27
17
2
2
24
35
18
28
21
29
24
44
44
38
33
33
33
33
17
17
17
