12
12
12
41
41
34
40
40
32
7
7
7
7
7
7
18
18
18
5
39
5
5
23
7
7
21
21
50
50
25
2
11
20
48
48
48
8
9
9
9
9
38
2
2
2
11
5
40
40
40
40
45
45
45
25
13
13
29
29
29
21
13
13
14
32
32
32
38
38
38
11
11
11
12
6
46
10
35
35
35
35
35
35
41
47
2
39
20
16
11
48
48
48
34
20
39
8
36
36
36
36
2
2
2
38
38
8
8
8
8
8
26
14
14
14
24
18
18
18
21
39
39
47
30
47
47
32
32
11
11
48
48
32
7
7
39
49
49
1
1
1
20
7
24
24
12
44
44
44
47
50
19
19
42
42
34
34
34
35
35
42
3
1
30
48
23
49
49
45
45
45
45
50
50
50
50
50
7
7
32
32
32
32
32
32
16
16
50
18
18
18
23
23
12
7
7
7
7
47
47
47
26
