37
37
37
37
37
11
11
49
39
39
39
39
39
39
39
6
18
18
18
36
41
14
14
4
4
4
17
18
46
46
46
31
31
38
42
21
21
6
7
18
18
24
24
24
24
24
37
13
16
16
16
16
46
46
46
46
29
29
29
29
20
28
22
22
25
25
49
22
4
4
4
4
4
4
4
4
4
1
4
15
43
26
26
26
26
26
26
26
26
26
26
28
41
48
43
46
46
46
46
46
33
33
33
8
8
50
50
24
31
31
31
42
44
17
17
15
26
39
14
14
21
21
21
1
1
1
1
27
27
1
47
9
9
1
1
18
18
10
10
50
50
50
37
37
42
42
47
47
45
45
45
42
42
18
19
25
25
25
25
30
46
46
46
46
46
14
43
23
23
23
23
37
37
37
29
46
38
38
38
38
38
39
39
39
39
39
29
29
29
45
36
36
36
14
14
15
15
15
32
2
14
10
