38
38
46
46
46
15
38
5
19
33
33
33
40
42
42
20
20
40
5
46
49
49
49
49
49
49
42
42
39
39
39
21
21
24
20
39
39
39
39
21
1
35
35
35
34
45
45
48
9
35
6
17
17
17
17
27
1
17
1
1
1
1
1
19
1
2
42
41
41
41
41
41
41
41
41
41
12
12
28
40
40
40
49
9
9
9
9
34
13
13
29
29
28
28
17
43
13
38
38
24
24
24
32
18
11
50
50
1
14
43
43
43
19
19
19
19
19
4
43
26
17
6
10
10
10
10
10
36
1
1
33
33
3
3
3
3
3
29
31
39
41
16
23
9
25
25
25
25
25
24
24
24
24
24
16
3
45
14
6
6
3
3
3
3
3
27
10
10
12
8
8
11
11
11
11
39
29
29
29
29
25
25
25
2
2
2
20
20
45
39
39
39
39
39
21
21
23
23
23
27
10
3
