46
46
46
46
46
46
8
12
40
40
40
47
34
31
31
31
43
41
41
31
42
42
2
11
11
33
34
34
34
38
34
16
16
25
7
44
44
5
20
20
29
29
29
29
29
29
3
39
28
28
46
16
16
16
49
49
49
18
18
18
18
9
38
38
38
16
23
19
19
19
19
49
39
39
12
5
20
20
20
4
49
49
49
35
35
26
24
15
15
6
6
2
33
33
33
24
11
29
50
50
50
50
16
28
28
28
28
3
3
3
5
43
43
44
41
30
30
34
30
30
30
8
8
8
8
17
17
48
23
23
21
21
21
21
37
46
46
46
46
46
33
33
35
37
27
27
4
15
26
26
8
8
8
1
1
1
1
1
48
48
48
49
43
48
48
17
17
38
43
45
15
20
21
41
17
16
39
39
33
44
44
44
26
40
40
4
4
4
4
4
4
4
39
39
39
39
39
39
39
39
35
47
