16
13
13
43
27
27
28
15
17
17
17
17
17
17
26
2
10
10
38
38
24
24
24
24
24
24
16
16
16
16
16
41
24
43
46
46
46
3
18
2
13
48
48
48
12
12
12
10
39
33
33
33
2
7
15
5
34
38
35
35
46
10
47
21
8
23
23
30
30
10
10
30
30
30
30
16
16
23
23
23
7
7
24
17
47
47
47
47
47
9
8
47
43
27
30
13
13
18
36
50
50
6
26
26
48
48
7
7
20
20
11
15
5
46
31
12
12
25
8
8
8
43
43
3
3
9
9
1
1
29
29
26
45
38
38
10
10
10
28
28
28
4
41
20
20
22
44
44
37
37
44
45
39
39
39
39
39
8
25
25
25
27
27
27
27
17
8
8
8
7
7
40
40
40
40
27
27
27
27
27
27
27
27
27
42
34
11
16
39
8
8
10
10
28
20
20
23
23
44
44
18
18
