30
11
32
32
32
48
48
48
37
37
31
31
9
7
7
49
18
16
3
5
5
28
28
28
28
28
28
11
23
36
50
17
17
17
41
41
41
19
18
1
1
1
26
7
7
7
50
50
50
9
9
9
4
4
4
4
37
1
1
20
20
47
47
47
47
23
5
22
22
39
39
18
13
13
13
23
23
23
36
36
36
36
36
11
8
14
47
11
11
46
32
32
32
12
40
40
40
40
25
25
9
9
9
9
36
16
16
16
47
47
47
47
47
5
43
43
43
5
44
44
44
44
44
42
42
48
48
4
4
21
22
22
4
4
49
24
24
22
12
45
45
45
45
45
32
31
14
40
40
40
40
40
43
43
43
43
42
16
25
25
24
9
24
48
37
37
38
38
38
5
16
34
50
41
31
31
31
31
31
31
10
15
15
41
4
29
29
16
16
8
8
9
9
9
9
4
4
4
4
4
4
37
