42
42
13
37
2
25
25
25
26
1
49
10
19
46
46
46
46
46
44
16
7
7
28
28
35
32
12
41
41
28
4
24
34
10
42
13
13
35
31
31
45
17
3
3
3
3
3
43
43
12
17
45
45
45
45
45
45
46
11
39
39
14
14
14
14
14
14
14
34
32
24
24
36
29
29
29
28
23
23
38
9
9
6
6
6
28
37
28
32
32
30
45
45
14
14
14
17
40
40
40
40
39
25
26
14
14
14
14
14
18
18
18
48
48
48
13
37
37
37
48
43
43
43
43
43
11
42
43
40
42
50
31
46
32
25
25
25
24
24
24
24
40
7
7
27
40
40
40
15
15
15
15
35
35
35
35
35
35
8
28
28
28
45
45
45
45
6
39
9
16
1
13
13
13
13
42
21
21
23
33
33
33
33
22
4
40
40
40
11
11
32
32
11
11
11
11
11
4
29
29
18
12
