9
24
24
24
24
24
49
31
12
47
10
47
47
47
47
40
5
5
19
19
19
19
15
15
15
18
5
5
5
5
44
11
11
45
40
50
3
3
3
48
48
9
9
9
29
18
18
34
12
12
12
12
12
17
1
1
1
32
32
8
8
2
2
2
3
3
21
21
21
39
6
20
6
17
46
5
5
5
5
5
5
5
5
4
40
44
33
32
32
32
23
23
23
15
37
14
14
14
1
12
35
13
13
15
15
45
20
3
7
7
7
26
26
26
26
26
40
32
32
19
19
26
27
26
26
26
13
27
27
27
27
7
11
10
41
41
45
45
45
33
11
11
49
27
27
27
27
43
20
20
20
20
20
35
35
35
35
35
39
17
17
17
9
49
49
7
7
7
7
15
15
18
18
29
44
49
8
8
8
20
20
20
20
20
3
40
13
7
9
3
46
40
40
42
42
42
36
23
6
6
6
41
