31
10
10
10
10
10
10
10
10
10
10
10
35
2
2
2
7
45
45
29
29
29
33
33
21
1
36
36
36
43
10
15
26
29
29
21
21
10
10
10
10
35
35
4
6
21
21
40
24
36
36
36
11
28
50
22
22
22
7
4
4
4
13
22
22
22
39
39
7
44
29
23
12
40
35
30
30
12
12
12
12
37
22
22
43
10
10
11
47
37
12
12
12
29
29
29
4
4
4
11
16
16
6
6
6
47
47
3
3
3
45
24
19
18
18
30
18
18
18
18
18
2
2
13
13
13
13
10
41
34
32
32
32
40
40
40
40
40
8
40
40
40
49
2
30
30
30
30
36
36
1
44
44
44
44
49
2
47
16
16
42
42
30
30
30
30
50
50
17
34
11
24
2
2
2
2
2
2
15
15
40
24
24
45
49
49
19
19
24
24
24
24
45
14
14
14
36
20
20
17
1
34
