20
20
20
14
11
11
11
11
11
20
15
31
30
30
14
14
31
8
8
7
31
25
25
18
18
18
18
16
16
16
16
36
36
36
21
21
21
21
6
29
35
8
32
32
32
32
32
8
8
9
6
6
34
34
34
21
35
37
37
5
1
42
31
28
16
16
29
14
14
34
34
3
3
37
37
10
10
30
30
6
6
42
5
14
14
49
49
49
49
15
40
40
40
40
40
40
43
47
17
30
16
16
16
9
4
4
6
6
6
31
31
31
31
26
21
21
47
47
47
1
16
16
42
42
12
34
6
42
42
42
42
41
38
38
38
38
11
10
10
26
26
39
7
5
5
6
10
10
38
45
24
24
35
44
44
19
33
33
33
33
33
33
12
12
28
7
7
7
7
15
12
3
3
3
3
15
15
25
1
23
26
27
27
27
27
24
24
24
24
3
3
3
3
3
3
3
3
50
50
37
37
33
