36
36
36
41
33
11
11
11
22
22
22
22
14
13
13
48
48
48
18
18
1
1
1
1
1
45
10
14
45
45
37
37
35
41
41
46
46
46
6
6
6
48
48
48
14
22
17
17
30
17
41
41
18
18
18
33
36
36
36
26
36
36
33
30
11
41
41
41
36
36
36
42
42
42
42
42
26
26
18
46
46
46
46
17
17
17
41
42
42
46
46
46
46
46
46
46
36
36
49
49
49
49
49
49
45
17
17
17
30
30
30
30
30
2
2
14
37
37
37
37
37
37
46
46
46
46
46
30
6
6
22
13
30
30
30
6
37
37
37
30
42
42
26
26
6
6
6
36
39
46
46
46
46
36
28
39
26
46
49
49
49
49
42
37
42
39
10
10
30
30
30
30
10
10
10
10
49
49
48
48
48
30
13
28
28
14
14
48
28
28
28
28
48
22
11
18
18
6
41
18
18
10
