36
36
36
36
2
2
2
2
2
28
39
37
45
49
49
17
17
17
3
3
3
3
7
7
7
7
36
36
11
3
41
41
49
3
3
38
27
27
27
27
35
3
44
44
18
10
44
12
12
12
2
2
2
24
24
32
32
44
44
11
11
11
50
50
48
27
25
42
13
13
13
20
41
31
31
29
29
41
15
15
15
15
15
15
15
12
12
14
13
50
32
32
32
36
21
13
13
13
33
33
33
28
28
28
49
49
22
36
36
6
6
6
6
9
9
34
46
46
46
4
15
6
35
21
19
11
7
11
11
11
11
11
11
11
11
11
8
8
7
7
13
13
24
49
14
14
14
14
14
25
31
31
13
27
29
29
16
16
21
34
34
16
19
26
18
18
25
26
26
26
17
49
1
1
1
1
1
14
38
16
16
39
39
39
50
50
12
12
12
12
25
26
26
27
3
27
9
9
11
11
33
33
