6
6
15
36
17
24
24
7
7
7
7
32
32
6
43
43
43
43
43
43
24
23
20
20
20
20
28
20
20
20
32
12
12
12
12
49
6
6
1
19
19
19
6
6
12
33
25
25
25
15
15
49
16
16
50
46
46
6
39
21
21
21
21
21
8
46
45
24
16
12
17
17
23
50
50
50
50
10
10
49
49
36
36
47
47
47
47
47
6
20
36
36
36
8
43
38
38
5
5
5
4
5
5
5
5
5
33
40
40
50
50
9
9
17
5
5
21
11
26
26
4
18
18
32
1
40
10
12
12
12
12
47
12
12
12
12
12
12
35
35
35
22
22
22
25
26
26
15
15
22
22
35
35
35
35
16
16
11
9
13
12
12
8
23
23
23
23
23
23
23
22
22
46
46
46
33
33
32
32
50
50
50
50
33
7
7
7
7
7
22
39
39
39
44
15
12
40
40
40
40
14
14
