31
31
29
50
50
50
20
28
28
12
12
12
12
12
31
16
37
30
30
8
8
8
12
4
16
16
16
16
16
47
47
47
22
3
3
11
47
43
16
36
36
17
17
19
19
19
19
22
22
10
45
45
47
47
9
49
33
33
33
33
34
34
34
12
11
21
21
21
21
21
21
18
18
18
18
7
7
30
7
30
35
18
18
4
4
4
15
15
49
21
21
22
22
30
30
30
30
49
17
18
18
20
36
18
18
36
36
13
6
6
6
6
1
1
1
10
10
49
49
49
24
24
24
17
15
3
3
3
35
35
35
35
15
15
35
10
10
46
8
46
14
42
42
40
43
43
28
28
28
28
28
28
28
6
35
35
35
35
36
36
36
36
36
36
12
30
5
18
18
18
18
18
7
7
40
34
43
43
43
43
43
43
34
28
49
41
26
26
26
26
26
42
2
2
2
2
2
2
17
31
2
39
