40
29
29
25
25
25
35
35
39
39
8
50
8
18
18
18
18
18
18
18
18
18
35
10
10
10
36
36
17
30
30
30
30
44
2
18
11
11
44
11
39
39
3
11
14
14
13
13
48
21
21
21
33
19
9
34
17
17
26
26
8
8
9
9
9
9
21
21
21
37
37
48
48
22
30
49
49
49
49
49
42
28
9
45
7
7
7
7
7
9
9
9
42
2
4
4
16
16
16
23
23
43
43
17
12
19
7
17
17
48
48
48
4
4
8
3
23
7
7
9
17
18
18
26
26
34
34
34
20
5
37
10
10
10
30
30
30
30
30
30
31
31
31
27
5
10
10
10
45
32
32
29
29
29
29
29
29
29
29
28
28
9
9
45
45
27
7
7
8
8
8
28
10
10
1
1
50
50
34
34
34
17
17
17
10
10
21
21
21
21
21
21
9
5
5
7
24
45
45
45
31
31
