39
44
44
44
1
1
9
21
31
31
31
28
28
4
4
4
4
27
27
8
40
40
40
50
50
50
50
50
1
38
15
31
30
30
30
35
40
40
40
16
1
36
36
36
48
48
15
48
48
48
48
48
33
33
33
41
41
41
42
42
37
28
46
46
12
12
12
7
7
7
7
7
14
14
45
28
28
39
39
31
19
15
36
36
36
36
36
36
36
10
10
26
1
1
1
1
1
1
37
17
17
2
2
44
32
32
32
32
32
32
32
32
32
2
27
11
3
3
3
3
3
7
24
24
21
17
17
17
42
30
30
30
30
30
30
16
16
16
16
13
13
13
26
26
26
26
9
9
12
44
8
25
25
38
25
25
25
34
8
8
34
34
16
33
33
33
33
16
44
44
44
44
19
19
18
18
18
18
27
27
27
16
16
25
40
2
14
14
14
14
14
35
19
19
24
16
14
34
14
14
14
1
