33
35
2
2
2
2
2
2
2
45
45
2
1
10
46
46
26
26
2
2
48
28
28
26
30
30
30
42
42
30
30
42
46
7
26
26
36
2
14
44
44
2
2
11
11
37
37
13
13
39
39
39
48
24
49
42
46
46
21
36
36
21
21
21
21
21
7
14
14
14
14
14
7
7
26
30
30
7
7
7
7
14
1
1
1
42
39
28
46
46
17
17
22
24
24
48
48
6
6
6
6
6
46
13
13
30
30
24
48
39
39
39
42
22
30
30
30
45
45
45
44
44
44
44
14
14
17
42
18
18
18
49
44
17
36
36
36
36
48
44
14
17
49
44
44
44
49
1
1
39
46
46
46
17
33
6
28
46
46
48
48
48
1
18
18
35
17
2
46
1
1
1
10
10
42
42
24
24
24
24
10
28
48
48
48
6
6
14
45
45
45
17
17
14
14
37
37
35
35
36
36
36
