50
50
50
8
8
8
14
14
14
11
11
11
11
43
43
43
39
39
40
40
40
40
40
22
22
20
16
16
16
30
30
30
30
4
4
24
40
38
38
4
28
28
28
13
13
13
13
4
39
39
15
34
24
10
10
10
48
14
14
14
30
30
30
29
34
4
4
4
7
31
46
7
6
43
12
12
12
12
12
12
42
4
4
4
4
4
4
11
10
36
36
36
39
39
44
47
47
47
47
47
47
47
47
47
2
2
7
15
29
29
29
29
29
29
29
29
29
29
29
29
29
29
27
27
36
46
9
9
9
39
22
5
32
21
5
5
5
40
39
29
3
48
48
48
18
18
18
32
14
14
41
26
26
23
23
23
23
23
4
4
18
10
25
25
25
25
7
7
11
1
1
1
10
10
10
26
45
22
22
22
47
47
5
27
27
27
39
31
31
31
27
23
23
23
23
23
23
17
28
50
50
28
