49
8
8
8
31
8
8
3
3
37
49
49
49
38
8
8
8
38
38
38
38
30
30
30
30
19
19
26
15
15
10
10
50
50
1
1
1
20
20
20
20
20
34
34
34
41
41
41
5
5
42
42
42
42
42
15
15
15
15
15
15
15
14
25
25
22
45
45
45
45
45
45
39
39
39
39
39
29
29
29
10
30
10
10
10
22
22
1
26
31
31
31
31
31
25
25
16
29
29
29
18
18
18
46
11
17
48
9
13
9
9
9
34
25
31
16
16
45
19
19
19
19
19
19
19
19
15
15
13
9
29
27
14
3
36
33
33
22
17
3
29
18
31
31
31
16
28
23
18
18
3
3
3
3
3
37
14
35
35
35
35
44
44
12
12
27
5
5
5
5
41
41
41
41
21
21
21
42
42
36
4
4
4
4
18
18
24
24
24
24
24
49
19
20
41
41
27
11
11
32
21
21
