38
37
40
40
40
50
50
14
48
44
44
36
36
36
18
24
25
35
35
35
35
35
35
12
12
12
12
12
37
37
37
37
37
37
37
37
37
37
43
43
43
42
42
40
47
47
47
14
49
49
17
17
29
17
17
9
37
37
35
18
39
39
40
29
29
43
43
43
17
19
8
40
41
41
41
41
41
43
24
24
24
35
11
11
4
28
28
50
50
50
3
36
37
37
2
2
49
49
37
37
37
29
29
29
29
18
46
46
46
46
46
46
21
2
2
37
37
37
27
27
11
5
3
47
47
47
7
49
49
49
10
30
30
25
25
31
18
18
31
50
50
22
16
17
23
23
23
23
23
7
7
15
41
41
41
30
7
7
7
7
7
49
4
4
25
25
25
25
39
39
39
12
35
35
5
5
5
19
13
13
13
13
25
4
4
45
12
12
8
8
8
6
6
6
41
21
37
37
2
2
49
49
