24
24
35
2
2
7
39
39
39
17
9
9
9
2
2
2
39
39
39
39
41
14
49
49
22
22
22
22
22
22
26
46
14
14
7
1
6
6
6
6
6
6
6
6
6
26
17
17
30
9
42
42
14
14
14
13
13
36
36
42
42
35
35
35
35
13
13
49
7
44
1
1
30
14
46
37
35
6
6
6
13
13
36
14
36
36
36
13
13
13
13
26
26
26
33
33
33
33
33
49
18
18
1
1
42
42
42
42
17
22
22
22
28
28
10
46
7
7
14
17
6
28
28
42
45
45
44
44
37
37
37
37
49
17
11
45
21
46
14
37
44
11
37
22
9
17
42
42
42
7
7
7
7
42
2
10
10
10
28
22
22
39
48
18
18
1
42
42
18
17
2
30
42
14
45
45
45
11
49
49
49
49
49
49
49
49
49
49
28
28
28
48
48
48
11
11
13
13
13
1
14
26
