5
5
47
17
6
6
6
6
6
6
10
10
28
28
28
15
15
15
15
41
16
16
16
47
17
14
11
11
11
10
42
42
42
42
42
42
37
43
40
1
1
26
48
48
9
39
6
12
12
12
12
12
24
16
1
49
39
48
48
15
15
20
1
13
13
13
13
12
39
39
12
47
47
46
46
6
6
6
35
35
35
36
14
14
14
14
42
32
24
24
45
45
45
45
31
5
5
5
5
41
41
41
41
41
12
33
33
5
5
5
44
14
14
14
10
10
10
10
10
26
27
27
18
13
13
32
32
24
6
6
6
34
46
46
46
46
1
26
26
26
26
26
26
25
42
42
16
21
28
41
12
12
29
29
44
40
13
33
33
11
26
26
26
26
26
26
26
28
28
28
39
39
39
39
37
37
11
37
37
37
37
37
37
37
37
17
17
20
39
40
40
40
12
12
12
15
8
10
48
16
39
39
