39
39
5
5
5
5
32
32
30
22
22
22
43
43
43
17
37
37
15
10
10
10
10
38
6
18
18
18
49
49
49
24
24
24
13
13
13
19
37
41
12
12
12
12
46
8
33
33
49
49
49
49
38
11
11
21
21
21
21
46
49
38
31
31
31
29
29
29
29
9
9
9
9
9
2
27
27
5
33
33
30
38
38
38
10
44
44
44
44
34
34
5
48
48
48
48
48
30
30
49
49
49
24
1
5
5
5
13
13
13
13
13
13
28
28
28
9
9
9
6
6
45
30
30
30
48
15
15
15
15
15
50
37
43
43
43
4
7
45
4
4
11
15
15
15
15
15
40
40
40
40
40
47
47
47
46
46
43
43
18
18
26
14
14
14
14
14
37
21
24
3
23
23
19
43
43
34
38
6
24
24
50
50
50
31
31
31
31
31
31
31
38
24
39
21
21
21
15
35
49
8
8
