36
36
33
5
39
39
39
39
39
16
36
26
26
26
7
40
20
7
7
23
46
39
39
39
38
16
20
20
33
33
44
44
44
20
26
26
26
31
31
31
31
31
31
31
34
21
21
18
18
18
46
18
25
25
1
1
1
1
1
1
1
47
23
14
14
14
21
21
21
31
31
31
19
34
37
32
32
32
17
44
44
27
27
27
39
38
38
38
38
17
34
34
34
39
4
44
49
48
48
48
6
2
15
6
33
33
33
33
24
1
5
15
15
15
15
15
5
20
17
17
39
26
26
39
26
21
21
21
21
21
18
50
27
43
1
1
19
19
19
19
2
2
2
2
34
18
18
34
34
34
34
34
49
34
34
23
23
15
15
15
15
15
15
42
25
25
25
47
7
25
47
39
25
9
9
17
17
31
31
31
31
31
31
31
39
39
39
39
39
39
39
27
27
8
20
15
21
21
48
26
26
26
