29
29
29
44
44
6
43
43
43
12
12
12
12
12
12
12
27
39
1
1
1
1
1
3
34
34
34
24
24
8
8
8
13
13
13
13
13
13
46
45
17
17
21
18
18
18
18
29
49
49
46
46
39
39
50
50
15
49
31
31
36
47
47
47
47
47
47
29
48
48
46
46
46
46
14
14
32
42
36
36
36
36
30
30
30
44
44
44
6
6
8
22
22
20
20
17
30
30
39
50
50
50
6
6
6
6
19
19
19
19
25
25
44
44
44
35
35
35
35
35
35
14
14
14
38
38
43
1
47
47
45
17
3
21
4
4
6
23
23
23
22
22
43
43
43
43
43
43
43
43
32
10
10
28
19
19
19
43
37
44
24
24
48
24
24
24
24
37
49
49
41
41
41
11
37
37
37
37
37
14
14
25
49
49
28
48
48
49
49
49
42
5
5
5
5
32
32
3
3
41
41
49
