2
6
40
19
49
49
20
18
18
38
11
11
26
10
10
10
47
33
24
19
4
7
7
7
46
30
14
8
8
8
25
25
14
45
21
21
17
17
17
18
18
21
21
21
33
33
29
18
18
18
18
27
13
16
43
43
43
43
9
44
48
26
26
10
10
44
39
38
41
41
41
13
39
39
36
29
30
7
11
11
11
8
14
26
8
8
8
8
8
16
29
45
45
45
45
45
45
26
34
34
4
1
1
1
42
42
26
6
6
6
6
31
27
46
46
46
46
46
46
16
16
16
16
47
20
7
30
30
13
1
2
14
14
14
11
18
18
18
23
37
44
4
4
4
4
17
17
17
38
38
41
45
45
45
37
37
37
37
28
28
28
28
14
23
36
8
8
8
8
8
26
20
20
20
20
9
9
9
9
16
42
42
38
38
38
38
38
11
28
28
28
43
43
29
20
20
18
18
48
26
26
26
