17
17
17
17
17
49
49
19
19
26
5
5
5
5
27
4
4
19
19
19
19
48
48
30
34
48
35
35
35
21
21
22
44
50
50
50
50
50
2
2
2
10
5
20
35
12
18
46
39
39
39
39
39
6
6
25
43
43
43
22
22
23
28
28
28
28
40
40
40
22
35
26
26
26
26
39
39
50
8
8
39
39
4
4
4
4
4
4
4
4
29
29
20
20
20
20
20
48
48
46
46
46
39
39
46
34
34
16
16
16
7
7
7
10
10
14
14
14
14
14
38
4
4
4
4
4
15
15
11
11
48
48
48
48
40
7
19
41
26
26
39
11
11
11
14
30
29
29
29
29
35
19
19
9
1
49
4
4
4
4
5
23
23
50
50
50
43
43
43
42
46
46
49
49
49
49
26
14
37
37
20
20
13
38
21
15
9
9
9
34
41
41
27
5
5
26
26
41
11
20
5
40
