7
43
19
19
19
19
19
19
19
19
30
19
19
29
29
29
16
16
16
16
16
16
22
30
18
18
18
20
23
16
16
3
49
49
24
20
17
17
17
17
28
28
28
40
40
40
40
40
40
7
1
1
18
18
42
42
48
48
32
19
19
19
19
19
19
19
19
19
21
21
21
46
24
24
24
21
26
26
26
22
22
22
47
47
47
41
41
41
22
13
13
15
15
15
34
1
1
20
50
3
28
5
45
32
19
44
11
36
36
18
28
28
16
16
13
13
13
13
13
13
13
13
13
13
13
26
26
15
44
38
43
43
2
6
6
6
47
47
50
50
50
50
50
50
28
28
28
28
28
28
28
12
25
25
36
36
14
14
14
14
14
14
14
17
17
17
23
2
2
15
15
15
8
8
8
8
8
8
7
7
7
7
4
47
12
12
12
12
18
18
18
31
31
25
27
27
27
13
13
14
14
14
