21
8
29
30
30
30
30
30
12
12
12
14
28
34
24
24
17
31
32
32
32
29
29
29
29
29
29
32
32
41
37
37
8
10
10
29
49
49
13
13
4
2
34
34
9
9
2
10
10
30
30
38
38
22
33
46
46
46
46
46
46
40
40
19
19
18
18
18
18
18
13
13
13
13
13
13
13
20
20
20
50
50
46
48
48
48
48
48
27
35
35
35
35
16
16
19
19
19
19
19
1
1
1
30
32
32
43
50
45
30
11
40
9
43
43
19
31
31
47
45
45
20
20
20
20
32
32
45
45
43
14
24
23
23
1
1
1
1
33
32
32
32
3
3
3
44
44
2
26
26
26
23
18
40
48
49
3
41
20
18
5
20
12
14
43
3
3
8
16
16
16
41
41
41
41
41
2
2
2
2
32
32
32
32
35
35
35
31
31
31
31
31
43
43
34
16
17
46
46
46
4
30
