44
44
44
44
44
20
20
7
7
28
28
28
6
33
33
33
33
33
23
23
23
23
23
8
49
2
2
2
8
8
6
44
44
44
44
16
16
42
24
30
30
30
21
21
44
44
44
44
44
24
27
27
21
21
21
21
22
44
44
44
16
48
8
8
22
1
1
21
21
21
21
17
17
32
20
20
20
22
42
42
22
22
22
9
26
11
11
3
3
4
4
9
9
9
23
23
23
36
36
36
43
43
43
29
29
29
33
6
6
6
13
36
36
31
31
31
26
14
14
24
10
10
10
34
13
13
13
13
20
3
40
30
32
32
32
13
13
23
23
23
23
23
23
23
45
15
42
8
8
44
44
44
18
18
18
31
31
31
31
31
10
10
10
10
10
50
43
43
42
4
4
4
49
36
33
44
44
19
19
14
14
14
1
14
39
39
39
18
1
46
46
46
24
27
42
14
37
22
22
18
33
33
