37
37
49
31
31
50
19
7
7
7
7
7
7
8
21
35
35
35
2
3
40
3
3
28
37
37
37
17
44
48
16
23
10
10
45
45
45
45
32
32
10
36
36
36
36
36
36
21
1
1
11
11
3
2
14
15
41
41
12
28
45
45
45
45
39
5
5
25
6
6
6
6
33
7
7
41
11
35
35
35
35
20
20
16
16
33
33
10
25
25
25
25
25
11
12
12
48
48
41
41
13
33
42
42
42
33
33
33
29
32
32
32
32
45
40
40
40
40
31
31
31
31
40
50
9
9
41
19
19
19
11
22
22
33
33
33
41
37
28
10
11
45
45
45
45
45
15
15
10
21
34
34
34
31
7
7
7
14
45
42
15
15
45
45
45
34
27
19
45
45
45
45
12
17
48
39
39
39
39
39
39
39
39
39
39
9
29
29
29
1
45
41
41
16
3
3
21
36
46
32
32
47
