16
16
16
16
16
36
36
36
36
36
36
16
16
9
9
9
32
10
22
12
12
12
11
13
13
13
13
13
13
13
13
13
14
41
41
41
41
42
26
26
22
22
22
50
50
50
29
29
17
17
13
13
24
24
24
24
38
10
8
8
8
47
47
14
50
50
10
8
8
8
19
19
1
23
10
12
12
12
40
40
16
16
16
8
8
49
49
8
8
17
21
21
38
38
38
8
46
46
37
6
33
33
19
20
18
2
2
2
2
2
39
39
39
39
16
16
16
16
3
3
3
24
24
24
24
24
24
24
42
42
26
26
36
44
44
1
46
46
46
46
8
6
6
5
24
35
35
35
35
35
35
48
48
41
41
41
41
44
20
39
49
35
5
5
5
5
42
42
42
40
7
41
41
32
2
2
14
14
42
42
21
21
21
25
25
16
37
30
30
8
10
10
19
19
42
42
40
40
40
40
40
40
