15
15
25
2
30
50
18
18
18
11
11
11
46
44
43
6
28
28
28
24
24
3
34
34
34
34
34
17
4
23
23
23
23
37
47
47
47
47
47
23
6
6
7
7
7
7
35
9
40
40
50
50
31
44
37
37
27
38
49
16
16
43
43
43
15
15
15
15
15
43
43
43
34
24
15
17
17
21
21
21
24
47
18
18
18
11
43
43
48
48
20
3
39
39
9
7
12
34
34
34
34
34
1
21
32
32
32
32
2
19
19
21
16
17
17
17
38
38
38
38
7
7
21
33
16
16
24
24
34
34
2
2
49
49
49
12
12
13
19
19
31
31
31
48
48
22
33
33
6
6
6
16
46
30
7
7
7
7
7
7
7
4
4
4
45
42
42
36
36
44
44
4
4
4
6
1
25
25
25
5
5
26
33
33
33
33
33
19
19
19
25
25
25
25
13
24
24
22
22
8
40
12
