43
11
22
22
9
9
10
10
10
2
47
47
47
41
25
3
3
3
3
42
42
45
45
22
45
23
23
22
11
11
11
11
11
11
27
27
27
50
50
31
48
31
31
42
42
12
33
29
29
45
48
15
15
9
9
46
46
46
46
46
23
43
43
1
6
6
30
30
30
49
35
9
33
22
22
38
20
20
35
45
40
34
34
44
48
49
48
28
28
32
17
17
36
36
22
22
22
16
16
15
45
45
45
40
35
35
13
49
49
23
39
39
39
39
39
39
39
20
20
40
40
40
45
45
45
44
5
5
32
10
10
10
4
4
16
16
16
39
1
22
22
48
14
27
27
42
42
42
42
42
42
16
16
17
17
17
9
1
40
50
50
19
19
17
17
26
26
26
46
46
41
41
41
41
46
46
12
14
7
3
3
4
18
19
36
36
36
36
24
39
14
50
7
4
4
4
4
4
50
1
1
34
