38
4
11
11
34
34
34
35
35
35
35
35
35
38
38
48
29
29
29
33
33
39
33
25
25
25
23
23
23
23
23
45
38
38
27
27
27
27
27
9
9
9
9
9
46
46
7
6
14
14
2
2
6
18
18
18
30
23
23
34
8
8
8
4
12
12
31
31
31
31
31
14
14
12
12
43
29
26
27
27
27
27
27
27
6
28
30
30
42
49
46
46
46
46
3
3
3
3
21
41
31
22
36
3
2
2
10
12
24
24
24
24
45
45
10
35
35
35
42
9
35
35
35
48
27
13
13
13
13
13
27
10
10
10
28
46
30
33
33
11
10
10
45
28
28
24
24
15
38
48
48
48
33
33
33
33
33
33
39
39
37
37
17
17
17
29
20
20
19
19
33
33
20
20
20
50
30
30
23
23
20
42
42
42
42
42
42
42
36
37
17
17
17
17
48
25
25
27
20
47
5
31
