41
41
38
38
38
38
42
47
32
32
1
22
46
42
42
28
28
28
5
23
23
23
23
23
39
26
50
18
38
44
44
25
25
8
8
28
28
40
40
44
44
13
3
8
14
20
16
16
16
16
16
16
33
33
33
5
47
7
41
25
25
28
19
3
2
40
41
41
41
31
20
20
20
16
16
44
12
12
12
22
20
42
42
42
38
13
44
8
48
48
48
17
17
45
45
45
34
47
10
19
19
46
32
32
32
32
32
32
32
32
10
10
10
6
39
39
39
21
6
6
6
6
6
48
48
48
48
12
12
12
37
40
40
40
42
42
40
40
49
1
28
3
37
37
37
36
36
6
33
30
30
34
34
26
26
26
12
12
12
11
33
11
41
15
47
46
46
29
29
2
2
18
18
18
23
23
12
12
15
15
15
28
21
32
32
32
32
32
27
27
27
27
16
9
9
9
9
21
13
37
37
37
