49
1
9
9
32
32
25
39
12
12
12
46
46
44
24
6
6
16
16
1
1
34
34
34
34
38
38
41
41
41
32
37
37
37
15
48
48
10
10
10
24
24
49
49
50
33
33
33
33
33
39
38
28
28
23
23
23
23
22
22
22
22
22
12
24
8
41
41
41
50
48
48
48
48
22
22
19
19
42
14
37
32
9
9
15
15
46
18
18
18
12
32
19
40
12
36
36
27
27
29
33
46
13
13
13
44
44
44
44
9
15
15
20
20
20
8
48
48
18
3
40
22
20
39
8
12
42
42
13
30
30
40
40
38
38
29
29
29
21
42
42
42
42
3
46
14
39
8
8
31
31
38
4
4
4
3
27
13
48
48
48
3
35
10
10
6
6
6
6
6
47
47
6
6
6
9
35
35
10
10
10
43
43
43
27
27
35
35
8
8
2
2
11
23
23
17
17
40
40
42
17
43
