8
8
8
8
16
16
31
12
39
39
6
6
24
40
28
33
26
21
21
21
21
2
35
35
35
35
35
35
20
18
6
6
6
6
6
6
18
18
48
25
25
25
49
40
40
17
21
21
21
7
27
49
27
3
21
35
50
2
23
23
23
45
45
4
4
4
4
37
38
38
38
38
18
18
18
18
17
17
17
17
17
17
11
11
36
36
49
22
22
30
18
18
18
31
31
45
45
45
46
12
46
21
45
32
32
15
15
11
11
11
11
11
11
11
11
42
18
18
18
16
42
42
45
31
31
31
18
18
46
7
7
25
39
39
39
32
43
43
48
26
40
39
39
23
45
45
45
5
15
15
46
46
8
8
31
46
46
18
38
38
38
33
33
47
49
49
4
4
4
10
10
30
44
44
44
37
11
38
23
23
23
23
28
37
1
1
1
16
41
41
41
41
41
41
41
21
21
21
21
34
39
39
