6
1
39
22
16
16
16
16
16
44
44
44
44
26
26
9
9
9
9
14
14
10
14
14
14
19
19
18
18
18
18
26
22
22
28
29
49
33
16
16
22
22
22
9
9
45
32
33
6
6
39
39
39
28
29
29
29
29
29
7
44
44
6
11
11
11
11
18
16
19
19
19
35
35
14
12
12
47
36
30
37
37
7
7
48
21
21
21
33
18
13
2
2
2
2
2
47
36
27
27
27
27
27
22
22
30
22
22
22
22
37
21
21
21
1
1
16
24
24
24
24
24
24
24
1
1
1
1
1
1
1
1
45
20
20
27
27
27
27
27
49
19
7
30
24
46
49
29
29
29
29
13
30
30
30
30
27
27
24
24
24
24
24
24
24
24
17
14
1
1
32
32
19
19
19
13
13
19
17
17
24
24
21
2
10
10
10
10
10
10
36
35
2
2
7
29
2
2
2
30
35
46
