33
19
14
20
30
30
30
3
35
35
35
9
9
18
18
1
50
50
50
50
33
9
9
9
9
11
11
36
36
36
36
36
7
20
9
21
21
21
4
12
12
12
25
32
26
26
26
3
3
3
3
3
13
26
11
45
45
45
34
30
20
20
38
38
38
38
38
3
22
20
14
14
45
45
1
7
31
21
37
20
15
39
39
39
37
37
37
37
37
37
37
37
34
11
11
4
22
48
7
7
7
7
50
42
38
38
49
49
49
49
19
34
34
37
37
14
26
42
18
7
38
22
22
22
31
31
31
9
9
48
6
18
18
18
42
42
42
42
42
42
7
7
7
7
7
7
7
7
38
38
38
27
1
34
34
28
28
14
14
18
27
27
35
35
13
8
9
9
9
9
12
12
12
12
12
12
28
28
28
39
39
40
40
6
20
20
20
28
35
30
39
39
17
11
30
29
10
26
26
29
46
46
