12
19
30
29
29
29
21
11
50
38
38
38
38
27
27
24
24
19
19
19
19
2
3
3
29
48
48
48
30
13
36
36
36
38
38
17
17
17
42
42
28
28
47
47
3
3
42
42
42
42
9
9
24
18
50
50
4
14
2
42
42
21
21
21
21
28
46
19
36
36
29
29
29
18
20
20
20
20
40
9
4
28
28
28
28
28
28
20
20
47
41
39
39
39
39
8
23
47
41
41
39
13
13
13
13
11
11
24
38
37
37
37
37
37
37
37
37
37
41
6
6
6
12
12
12
1
34
45
13
9
5
1
1
47
47
15
15
26
1
46
3
3
2
2
27
49
9
9
8
8
8
3
3
3
26
26
26
26
49
41
14
39
39
39
2
2
24
34
34
13
21
21
9
19
47
44
44
44
15
47
37
39
39
31
31
17
17
17
17
27
15
5
27
27
27
23
23
45
45
45
13
1
