5
47
47
47
47
26
16
49
49
49
49
6
6
43
43
20
20
10
25
38
8
23
23
23
23
23
32
3
18
47
15
15
15
15
15
15
15
8
50
30
30
35
19
43
43
45
45
45
45
45
45
45
45
41
20
17
17
24
13
13
13
13
13
13
13
4
4
4
44
17
8
38
38
38
37
37
37
37
35
12
12
45
50
7
7
19
19
30
34
34
34
34
34
34
34
34
12
11
41
30
30
30
30
5
5
20
20
3
36
36
36
38
38
31
25
47
37
22
22
15
15
41
16
16
23
7
11
17
17
5
5
35
50
50
12
8
21
21
21
23
41
41
19
19
6
41
41
41
32
12
12
12
16
16
16
16
23
23
23
23
23
23
23
23
23
23
23
12
28
32
32
32
32
32
12
30
30
30
30
30
30
30
30
30
45
41
1
14
11
11
4
4
4
4
4
15
15
15
15
9
9
9
