35
35
35
35
35
18
18
3
32
32
32
32
32
10
39
6
42
6
36
8
8
8
8
25
6
4
4
21
21
21
21
26
26
26
39
47
47
5
5
48
18
5
46
16
16
16
16
25
25
25
40
40
40
13
35
11
28
17
29
29
29
29
29
29
29
29
29
12
10
10
10
10
42
29
29
29
11
41
41
38
38
38
38
38
21
43
41
27
27
27
42
42
26
40
42
42
42
42
42
42
42
42
27
15
15
15
38
39
44
44
44
8
19
2
2
2
49
29
16
43
45
45
45
45
45
16
16
1
1
1
1
1
1
32
27
13
12
5
6
4
34
31
31
31
31
31
31
31
31
31
10
10
10
10
28
22
9
16
16
9
9
9
12
12
36
6
6
10
10
31
1
34
34
34
34
14
14
14
14
31
31
31
50
50
50
35
28
42
42
42
26
2
12
44
44
44
33
33
33
4
15
15
