19
42
42
42
15
15
15
15
15
2
2
2
2
36
36
36
2
3
26
3
3
3
39
39
45
45
45
48
46
38
5
5
5
5
16
16
50
50
50
15
46
46
25
17
17
17
21
7
7
7
7
7
48
2
2
2
7
46
44
44
25
19
11
22
31
38
40
45
33
33
33
33
33
22
15
15
15
15
15
44
44
44
19
34
33
6
6
6
6
6
6
6
6
6
6
7
7
7
4
24
35
47
6
6
28
28
3
38
38
38
47
3
3
16
33
33
33
33
33
50
50
50
20
20
20
20
2
15
15
15
15
15
50
27
8
8
8
8
50
36
26
26
25
18
18
15
43
40
40
40
40
40
40
2
22
37
5
21
21
27
19
19
1
1
1
18
25
25
35
3
3
21
1
1
40
40
49
18
23
5
4
31
31
31
31
31
31
31
31
49
12
28
47
35
35
7
7
22
25
41
41
9
