19
50
50
50
50
32
31
31
31
13
13
18
18
18
49
44
19
49
49
49
49
49
42
28
28
28
28
24
5
5
17
4
14
21
48
48
48
48
18
18
14
14
14
14
14
17
35
12
27
27
21
21
20
4
27
27
27
10
10
12
12
12
45
42
42
42
42
42
50
50
50
39
39
21
21
6
6
48
16
4
4
38
2
2
2
37
41
23
23
30
6
49
34
16
16
25
25
2
2
42
42
42
42
28
19
3
3
3
35
15
10
25
14
14
50
47
47
47
39
39
44
5
21
28
48
10
10
10
10
17
17
14
4
4
4
4
4
32
22
22
4
16
16
16
16
16
16
16
16
35
35
24
24
24
24
31
41
41
40
40
40
40
40
28
28
28
28
28
31
31
27
47
49
49
33
34
34
34
34
9
9
23
1
21
21
4
11
28
28
28
28
38
49
49
46
20
26
26
26
26
26
34
