43
43
48
37
23
9
50
50
48
3
3
17
17
17
17
49
14
14
14
14
9
9
22
11
11
11
11
19
46
46
46
4
47
47
47
47
47
47
35
35
35
35
35
17
17
17
17
47
47
47
41
41
45
45
48
48
32
32
19
19
22
22
8
8
6
6
6
6
6
17
44
44
44
11
11
11
11
10
23
25
25
8
17
45
16
48
15
15
11
11
11
4
4
46
45
24
42
31
5
38
38
13
13
13
8
1
39
39
27
8
32
32
32
32
16
16
15
33
33
37
6
15
2
2
8
8
8
40
42
27
30
30
30
26
26
26
22
22
22
13
13
13
13
32
32
32
35
35
35
35
24
49
49
49
49
49
49
49
16
16
16
16
16
1
43
43
13
13
33
33
33
33
15
15
31
31
31
47
11
11
11
11
29
29
44
36
36
36
36
36
48
48
48
48
48
48
48
1
1
1
23
23
