22
10
22
22
30
30
30
30
37
16
16
16
16
28
40
40
40
25
25
13
13
33
33
27
38
2
2
2
2
2
2
13
3
3
15
15
15
31
35
46
46
46
46
46
46
46
46
46
46
19
19
16
4
4
4
4
4
49
42
42
15
44
44
19
33
47
16
16
29
5
5
27
29
29
18
18
31
31
31
31
48
11
35
38
6
14
36
50
27
27
27
47
47
47
47
31
11
17
17
17
44
44
17
17
17
17
17
17
45
45
31
38
23
23
21
4
4
32
13
37
22
32
32
13
13
13
45
6
6
44
44
24
23
35
35
35
48
29
29
12
28
28
11
46
46
46
5
5
41
21
21
21
21
27
27
45
25
25
25
25
25
25
25
21
21
26
26
41
33
33
37
37
37
37
37
37
50
8
25
25
25
40
40
40
40
40
40
40
16
5
5
35
35
35
35
35
35
35
19
19
19
19
