12
17
10
16
16
17
9
9
8
20
30
46
46
6
47
47
17
18
34
34
41
26
22
43
43
28
28
28
28
48
48
27
14
14
19
18
19
19
19
19
19
19
47
47
15
8
8
20
12
24
24
2
8
31
31
31
31
31
8
8
14
14
14
39
35
40
40
40
40
40
20
39
39
18
5
5
29
29
2
14
14
14
33
26
26
12
12
12
12
12
20
20
25
19
16
16
12
20
20
20
50
50
31
41
15
15
15
35
42
42
22
22
22
39
32
31
33
22
22
4
26
26
26
26
40
32
32
32
32
32
32
11
2
2
2
34
11
11
11
11
11
11
40
40
32
46
47
39
4
35
35
35
18
18
18
18
18
23
7
7
30
1
9
9
36
21
25
16
37
19
19
33
42
42
42
42
42
5
5
45
45
45
36
36
1
3
3
3
46
29
29
3
9
9
43
43
27
42
31
45
27
35
