4
41
34
34
34
34
47
47
47
46
46
46
43
28
28
28
32
32
32
32
32
32
37
37
37
37
16
16
30
30
30
30
2
36
36
36
46
46
46
38
48
2
2
27
27
27
24
18
18
7
14
14
14
14
2
2
2
25
43
43
47
12
28
28
19
3
16
42
45
45
45
5
5
5
5
5
16
33
33
11
11
26
26
23
46
46
46
9
9
9
9
47
2
2
2
2
19
19
45
50
29
27
27
33
47
47
39
23
23
22
8
8
11
11
11
11
5
12
12
12
12
33
22
17
17
17
14
40
14
14
43
43
43
40
17
17
13
13
13
31
1
1
1
1
1
1
1
1
1
41
27
27
39
39
39
29
29
18
13
13
32
47
47
47
3
3
3
1
1
1
31
29
25
27
27
27
23
27
25
34
40
40
40
36
23
31
31
31
14
44
44
44
44
44
44
7
22
22
22
30
30
10
