30
34
34
34
46
46
46
45
45
40
27
23
38
8
8
8
8
8
1
22
22
22
18
14
14
14
43
43
43
21
21
21
21
21
44
44
26
26
26
49
49
49
49
49
1
1
43
31
31
31
32
32
32
42
42
8
4
4
4
4
4
4
18
18
13
13
13
13
18
18
18
18
18
37
37
36
12
12
12
19
32
32
10
9
9
9
37
34
9
29
29
29
24
47
47
47
47
29
29
34
3
3
3
3
12
12
12
15
4
35
35
40
40
19
20
20
20
3
3
29
29
39
39
39
45
27
34
7
30
30
8
40
13
13
50
50
9
45
45
32
39
39
39
39
39
32
4
46
46
42
42
42
19
46
49
49
49
1
1
11
11
11
13
19
19
9
9
34
20
20
20
36
28
5
5
3
3
48
16
16
35
35
19
47
47
47
41
44
46
12
12
12
12
16
16
14
14
14
14
25
25
44
