2
50
50
43
43
42
42
42
42
12
12
50
48
48
48
15
22
27
48
41
41
19
40
40
10
46
46
26
26
25
25
25
25
25
25
1
1
43
14
14
24
27
27
27
30
5
31
31
31
21
38
31
21
12
5
29
29
29
29
13
13
13
41
41
27
27
42
36
36
14
23
23
23
23
23
23
33
42
7
14
3
23
23
25
40
28
44
44
44
44
40
10
36
36
47
35
46
46
30
30
20
20
4
40
40
40
49
49
49
49
49
28
41
11
2
9
9
28
28
28
28
28
28
5
5
5
5
5
46
46
48
48
48
48
1
22
44
44
25
25
49
49
22
37
18
13
13
13
13
1
1
3
3
3
3
6
48
44
44
44
27
46
46
37
37
37
37
46
46
46
46
29
29
2
28
28
20
31
50
29
29
27
6
6
37
27
11
11
11
42
46
46
46
46
33
47
11
11
11
11
11
11
