10
10
10
10
30
30
9
33
36
36
36
36
49
40
40
40
37
37
37
36
36
36
36
9
47
48
48
5
5
12
12
12
13
13
13
13
13
13
31
50
50
50
26
48
29
29
44
28
28
28
28
28
43
43
43
21
21
21
39
39
10
7
2
39
35
35
35
35
27
27
38
38
38
29
30
3
3
3
35
35
16
9
9
19
19
30
39
6
25
25
30
30
2
2
3
41
41
44
44
13
13
13
13
28
5
44
44
44
40
40
23
31
46
46
46
27
27
27
27
48
48
48
13
37
43
16
16
40
40
40
40
40
19
19
48
28
28
28
28
28
28
26
49
49
49
43
43
43
43
46
3
22
22
12
12
12
12
8
8
8
17
17
17
17
17
17
17
11
11
16
16
16
12
23
23
47
17
44
8
42
42
42
42
42
27
19
19
19
41
12
25
35
35
10
3
23
7
9
9
43
43
43
