7
4
4
4
49
43
25
25
45
45
45
48
48
48
4
18
20
20
20
20
20
20
25
25
25
25
25
5
3
50
30
1
1
1
24
34
34
34
34
34
34
23
4
4
4
4
35
42
12
9
9
9
36
29
11
17
2
2
43
43
43
43
43
24
33
37
37
37
42
42
42
40
42
42
15
41
41
41
41
35
44
44
18
18
18
18
50
30
30
7
23
23
37
37
37
1
1
44
11
29
29
13
13
13
7
7
7
42
42
38
39
41
42
42
42
42
42
44
33
33
25
37
37
3
30
38
38
38
15
15
49
49
2
2
44
44
26
26
22
22
22
22
29
29
29
24
24
42
42
41
41
26
26
26
9
32
23
38
38
23
26
32
42
42
42
42
42
43
45
18
13
33
31
27
21
41
17
17
17
17
17
42
44
28
13
38
38
38
35
35
35
40
40
40
16
16
16
30
30
30
30
7
