22
22
22
22
17
47
4
4
4
25
25
31
36
21
21
21
38
38
38
38
31
14
43
50
13
33
49
41
21
8
8
8
20
49
37
37
37
37
26
26
26
4
14
14
14
14
30
4
4
35
32
34
34
34
34
47
47
25
41
6
13
35
25
39
28
46
2
23
23
23
44
4
4
4
4
4
4
31
31
31
31
31
19
8
8
8
43
4
33
48
37
37
37
37
7
7
7
7
40
36
36
36
2
49
49
31
31
31
31
38
47
47
17
17
17
17
17
17
34
12
50
11
11
11
36
36
22
22
22
10
50
50
50
50
50
13
21
21
21
25
25
22
22
22
45
24
18
40
33
32
32
32
8
20
15
15
39
39
14
14
14
12
25
25
14
14
14
41
41
46
46
31
31
31
19
19
19
19
19
19
19
19
19
41
4
29
16
16
42
42
42
42
42
42
12
30
30
16
10
30
30
46
