28
9
18
18
18
11
11
41
22
45
10
10
10
5
5
34
48
4
40
24
24
33
33
33
7
7
7
38
38
38
38
20
20
45
45
49
41
18
18
18
37
37
37
15
15
50
16
16
16
16
6
50
50
40
40
8
8
8
1
10
10
40
2
2
22
22
22
22
22
8
28
26
49
34
7
7
11
19
50
50
21
21
35
35
35
35
35
41
41
3
3
3
3
3
50
23
28
28
1
33
33
33
6
6
21
21
34
13
2
45
29
29
29
46
46
28
34
34
34
34
34
10
10
10
26
13
7
23
23
23
17
6
6
6
6
4
4
4
4
4
42
42
42
32
22
6
3
20
39
8
41
41
6
6
36
36
3
3
6
6
6
6
6
29
39
7
48
48
48
48
16
22
10
10
12
12
31
45
45
45
45
45
45
45
45
6
6
2
47
47
20
20
44
44
44
44
44
44
30
45
45
25
