40
44
44
44
44
31
29
29
30
39
22
17
17
27
48
48
25
33
31
3
24
5
5
5
41
17
17
44
21
21
50
50
50
50
9
9
9
9
19
24
24
9
9
45
45
29
29
29
29
1
1
1
1
1
47
47
16
16
34
34
34
34
34
26
26
26
26
26
26
26
26
32
32
32
32
32
32
32
13
9
9
9
9
9
18
18
18
23
27
28
28
47
47
1
28
19
19
19
23
23
2
2
2
46
46
30
44
30
30
30
28
28
28
28
42
42
26
26
21
12
14
1
1
15
15
15
15
15
8
8
36
36
36
36
36
6
39
39
34
25
27
27
27
27
27
20
48
48
48
1
42
42
20
20
15
16
16
15
15
46
46
28
28
28
19
25
25
1
1
1
18
18
18
18
18
18
35
47
4
3
16
6
6
6
6
16
16
12
12
12
12
36
36
36
36
23
23
24
24
2
12
50
