42
31
31
43
10
40
13
13
41
41
41
48
37
37
37
12
12
4
2
18
29
28
16
31
50
50
20
20
36
21
44
17
38
38
38
21
21
43
43
48
48
48
41
3
3
49
40
40
14
14
14
14
24
1
1
39
41
41
24
24
24
42
10
10
10
43
43
39
39
2
2
2
2
2
2
2
2
2
20
8
26
27
20
20
20
1
45
14
14
14
16
5
5
20
49
22
22
22
9
9
32
22
30
30
17
17
17
17
7
50
17
39
39
49
49
49
3
3
3
42
42
42
42
21
10
16
16
16
33
33
33
33
27
27
46
1
40
48
48
48
39
5
41
2
2
36
49
49
49
49
49
49
49
49
49
25
33
33
43
43
11
13
13
13
10
50
50
19
34
22
29
29
29
36
21
34
34
34
34
34
34
34
34
42
30
30
30
30
6
6
6
6
1
36
36
4
20
20
30
30
2
34
