16
16
16
48
43
43
48
48
21
7
40
3
48
35
7
7
7
7
7
9
9
9
16
47
47
47
47
38
38
38
38
32
38
9
9
40
13
13
49
6
1
22
2
2
2
2
2
2
12
26
26
42
42
49
49
49
49
37
37
37
37
9
9
9
48
7
7
39
39
39
7
7
7
19
26
26
41
26
37
37
3
40
40
27
27
32
32
32
43
43
21
8
44
22
43
43
43
43
24
24
24
24
29
38
38
3
3
3
33
12
12
12
17
22
22
22
22
22
22
22
7
7
33
4
4
4
8
11
38
38
12
10
10
10
10
9
22
22
24
20
20
20
20
27
27
27
27
27
47
39
31
31
9
31
6
32
32
36
2
4
49
38
26
26
2
25
25
43
43
43
43
33
38
9
9
40
20
20
37
28
30
42
42
24
24
24
24
13
4
4
13
25
35
35
35
25
25
27
27
27
27
27
