36
6
6
6
6
6
11
45
45
45
30
30
30
30
45
33
49
6
6
6
28
11
35
35
35
13
13
36
22
30
30
30
46
41
37
37
2
30
30
30
48
48
48
48
48
46
46
37
46
18
18
18
18
39
39
48
48
18
6
6
6
14
14
14
14
14
14
22
22
22
22
22
22
22
45
45
39
39
46
48
28
28
48
48
48
48
33
2
2
35
22
22
11
11
10
22
46
46
33
33
6
13
13
10
49
49
49
41
6
48
48
48
48
48
48
41
41
41
18
18
11
11
10
39
33
33
49
49
22
46
46
46
49
49
14
41
41
26
26
37
37
22
11
26
26
26
26
22
39
39
39
49
49
49
49
41
41
45
6
6
6
2
22
22
46
46
46
13
13
26
26
42
42
42
33
35
35
35
35
35
35
35
35
49
49
37
22
37
28
28
49
18
18
14
49
49
49
49
49
49
49
37
