7
38
15
15
15
16
16
16
12
30
15
50
50
16
44
44
6
33
27
27
27
27
27
27
33
35
48
48
3
3
36
36
49
49
49
3
12
12
30
27
27
27
27
27
17
17
17
17
5
5
22
22
22
22
22
42
42
42
42
2
23
37
42
50
23
23
23
23
23
23
23
26
37
16
16
41
41
41
41
26
26
26
19
19
19
3
29
29
29
50
50
30
30
30
30
30
30
25
25
14
31
4
26
26
26
28
28
28
28
39
39
39
48
19
19
19
19
19
19
12
24
21
21
24
2
30
30
34
34
23
23
23
7
7
7
30
30
36
36
36
27
32
32
25
25
25
25
25
25
49
49
45
48
48
48
48
10
10
10
10
40
46
46
37
37
37
14
45
44
44
44
44
15
38
38
38
38
50
21
43
30
19
19
19
19
19
30
47
47
36
36
49
49
49
19
40
40
40
2
26
25
12
