4
3
3
3
1
31
26
14
14
2
2
16
16
22
22
22
22
30
30
36
31
7
7
24
2
43
46
10
10
10
10
47
47
47
49
49
49
49
49
49
49
3
15
7
7
14
14
14
14
2
2
39
37
22
22
23
9
37
38
38
40
43
43
43
43
23
23
28
30
39
18
7
7
48
13
4
36
9
10
47
47
22
22
22
22
27
24
24
17
17
17
42
6
6
6
42
42
32
32
12
26
2
2
2
22
22
22
22
22
22
1
1
1
1
1
9
34
7
9
34
24
24
24
24
24
24
24
34
14
5
25
25
25
32
32
32
32
32
32
32
32
20
29
40
40
28
28
46
35
21
46
16
16
16
15
15
45
16
16
16
16
12
12
12
12
40
40
40
25
25
11
11
6
15
15
15
32
32
32
6
17
24
24
24
33
24
18
18
37
37
37
23
32
47
8
8
8
47
6
34
3
40
