42
42
42
5
5
21
21
21
21
26
26
38
38
38
8
8
43
43
43
43
47
4
11
49
49
14
23
23
23
39
37
37
37
37
37
37
8
8
39
39
39
39
13
13
13
12
12
12
12
39
39
39
39
30
30
30
1
7
44
44
33
32
23
34
13
28
12
12
31
31
11
29
29
29
29
29
29
29
29
29
41
41
41
4
4
8
8
8
29
29
42
2
2
5
5
40
50
50
50
47
23
23
8
22
22
14
21
21
20
38
38
38
38
38
25
41
41
39
39
6
17
17
2
17
17
17
24
41
41
29
21
21
21
21
21
21
46
46
4
4
4
4
4
4
4
4
4
4
4
4
4
18
18
28
48
48
48
48
5
40
17
9
5
5
21
8
34
25
30
30
30
30
30
3
3
3
12
12
7
7
7
7
42
42
42
42
38
38
38
46
46
46
48
34
29
19
19
29
29
26
21
40
