39
28
28
28
1
8
44
44
44
37
37
8
39
39
49
49
25
25
25
38
4
4
16
16
16
9
9
23
23
23
23
24
17
17
17
6
42
35
14
14
43
7
41
41
19
19
48
22
50
50
50
11
23
37
37
48
23
23
9
5
5
6
20
20
20
42
42
18
18
45
44
44
44
44
44
44
44
40
34
39
39
39
24
43
2
2
2
24
50
35
19
19
19
19
19
19
33
33
1
29
33
38
17
17
17
17
6
3
32
32
35
35
35
35
50
50
13
13
25
25
25
25
25
3
18
21
21
21
21
41
41
41
3
3
3
21
21
10
43
24
24
7
32
31
31
34
20
40
40
40
46
46
46
25
25
25
25
25
25
25
41
41
9
5
5
5
28
23
23
34
19
19
19
25
13
27
45
12
38
4
46
46
34
34
2
26
26
1
1
26
26
23
50
50
50
32
32
6
8
8
8
8
