14
14
40
40
44
44
44
6
6
6
35
1
1
15
48
48
1
1
1
11
22
36
36
36
36
28
28
9
9
9
9
9
29
29
29
29
29
29
37
37
9
9
9
9
9
15
15
15
15
15
17
50
35
13
13
13
13
13
7
7
40
16
16
14
14
14
37
24
24
23
30
36
36
16
16
16
30
6
14
14
36
36
36
36
36
13
20
20
21
21
21
21
30
16
16
16
16
22
19
28
28
28
7
47
47
13
13
13
13
21
21
21
27
27
40
8
28
28
19
19
19
19
3
3
3
3
3
3
3
3
1
1
1
1
28
26
26
26
11
11
41
41
35
35
35
35
26
43
43
45
45
23
32
32
38
16
24
24
24
1
29
35
35
27
14
14
14
14
46
33
6
6
6
9
9
39
5
5
14
18
10
10
17
24
24
35
1
47
30
15
18
18
18
18
18
38
50
6
6
39
39
27
