31
31
10
47
49
49
49
49
49
28
28
5
5
38
33
5
34
12
21
22
47
26
26
26
26
26
30
38
22
3
3
6
43
11
11
26
26
26
26
26
26
26
27
48
48
48
24
32
32
32
14
14
26
26
7
7
5
5
16
16
45
16
10
10
10
50
9
9
33
43
43
28
28
28
14
14
14
14
21
19
19
10
35
19
19
19
21
24
24
49
37
45
9
27
25
1
35
4
34
13
13
6
41
41
41
41
22
27
42
42
14
22
5
5
13
13
8
15
15
15
25
25
25
1
1
45
10
10
2
2
2
2
32
41
41
41
38
38
13
13
13
13
40
40
40
40
40
40
40
40
26
26
26
28
31
25
28
35
35
36
36
45
45
37
37
37
37
20
20
19
19
43
50
34
22
22
29
2
2
16
36
36
36
36
33
48
48
40
40
23
23
23
17
1
1
1
6
36
36
36
36
14
