29
29
29
16
16
4
5
5
5
5
5
16
9
9
9
9
29
29
37
37
37
14
27
24
16
16
16
17
42
23
23
23
23
13
13
22
22
22
19
18
18
18
1
1
50
50
18
41
33
33
5
13
13
28
19
10
3
7
7
40
40
40
40
35
23
4
36
37
37
18
38
38
35
26
29
48
47
23
15
15
8
8
8
8
8
50
41
41
5
5
12
12
34
32
32
32
32
32
32
32
14
14
3
37
37
37
5
19
19
19
18
22
31
16
16
16
37
37
11
20
20
20
48
9
9
9
9
17
12
23
23
34
14
14
14
50
50
24
15
42
23
23
36
36
36
36
27
15
35
29
29
17
18
18
18
18
18
14
14
16
31
1
50
15
35
19
48
48
48
34
5
5
47
47
21
21
21
21
48
48
13
15
6
6
6
6
6
6
47
47
47
50
50
50
50
50
50
16
16
16
39
39
