4
4
12
12
47
8
8
7
32
32
10
34
34
1
1
1
1
44
42
42
20
20
20
38
38
38
15
42
42
30
30
30
15
15
48
48
19
6
6
6
6
6
6
6
6
6
12
12
12
12
46
26
27
27
27
45
45
42
42
9
9
48
11
11
11
26
14
14
14
31
31
50
40
11
11
11
11
11
11
20
20
38
15
15
11
11
25
35
10
10
10
1
18
18
18
18
18
18
18
31
31
39
28
3
12
12
16
16
9
17
10
10
24
33
18
18
27
27
4
4
4
4
30
30
30
30
30
5
5
5
3
18
18
18
23
22
6
6
6
6
6
6
26
20
15
37
23
2
2
5
18
18
18
18
18
43
25
16
4
4
4
4
28
28
28
34
40
12
4
40
40
40
13
19
19
19
10
10
43
15
15
50
18
18
18
7
10
31
20
17
17
39
39
39
39
27
5
5
5
43
43
43
