20
21
18
18
21
21
21
21
21
39
26
26
30
48
48
48
5
19
31
26
26
21
27
50
15
15
3
3
3
47
47
47
42
42
42
36
36
36
36
36
44
44
44
44
44
24
24
27
27
27
17
36
9
25
48
48
15
15
15
20
26
49
24
37
1
1
1
1
6
6
6
6
6
6
20
20
27
33
18
18
18
18
19
34
6
24
24
10
31
31
16
16
47
13
37
37
37
37
1
1
47
3
48
46
44
34
34
34
22
8
8
8
30
30
30
30
17
5
5
5
19
19
2
35
35
35
26
47
47
47
39
39
39
39
39
21
21
21
21
21
34
3
35
35
21
21
21
30
30
33
14
14
14
17
17
17
17
17
17
17
34
34
40
40
35
34
34
34
34
7
7
7
40
45
34
34
34
16
15
22
21
21
28
5
5
5
41
27
27
11
38
38
38
38
50
29
29
29
13
14
14
14
