36
36
36
22
22
22
22
43
43
43
43
22
22
22
21
20
20
20
20
6
6
6
46
21
21
21
19
19
19
19
19
19
41
41
36
9
9
9
9
9
15
15
47
47
36
36
36
40
40
20
20
20
20
20
8
8
40
40
41
22
46
45
45
45
10
8
43
43
43
41
33
9
29
16
16
16
16
18
12
14
14
3
3
3
18
18
24
24
43
43
43
12
12
12
12
42
24
24
24
24
4
4
43
28
28
8
50
50
50
18
32
22
46
46
25
25
25
25
35
35
26
26
45
31
7
7
7
7
38
41
39
41
41
41
41
41
41
28
41
41
41
8
13
16
4
49
41
41
41
26
26
13
18
43
43
11
39
39
39
39
39
39
39
27
27
27
5
2
2
46
46
46
41
41
36
36
34
34
34
39
48
48
48
41
41
24
3
3
3
9
9
35
35
8
8
8
8
7
16
3
28
44
