34
22
15
15
15
15
15
20
27
40
17
19
19
44
44
44
44
43
43
34
34
48
27
27
27
44
44
45
45
33
33
33
10
10
2
2
12
48
36
36
23
25
8
8
47
47
47
47
47
47
47
47
47
33
45
45
45
45
45
36
36
1
1
49
40
13
13
13
13
27
27
27
27
23
23
23
23
22
22
41
6
6
6
6
2
2
2
2
31
9
9
9
9
4
25
25
23
23
23
27
3
3
3
42
42
42
42
3
23
23
8
8
41
41
30
5
5
5
29
29
11
11
3
12
42
42
49
49
1
26
26
21
23
13
13
13
39
33
27
27
42
42
42
4
32
45
45
3
3
3
3
28
27
42
33
15
3
19
2
2
35
35
35
19
19
44
44
28
28
28
28
10
30
31
31
31
31
10
10
46
46
46
46
27
47
47
47
47
47
47
47
47
14
44
44
44
44
44
44
2
36
36
