47
44
2
2
38
38
46
10
10
48
48
49
1
6
6
6
6
18
50
50
50
50
50
3
3
3
5
16
16
33
12
12
1
1
1
1
1
1
28
28
28
28
22
22
22
22
22
9
9
26
26
45
45
45
4
5
2
31
31
18
18
18
18
18
18
36
36
29
35
35
35
49
49
14
14
14
40
40
40
15
15
15
15
7
7
25
25
25
35
50
50
50
30
48
27
27
40
40
41
39
39
39
22
14
1
31
31
22
45
19
14
48
48
48
7
18
1
44
28
28
28
28
28
27
36
36
36
36
8
39
5
48
30
30
30
44
44
38
49
31
45
30
24
37
37
37
2
2
8
8
16
16
17
17
17
17
17
43
43
43
43
43
43
20
21
20
4
4
39
39
39
38
24
28
42
34
38
38
38
6
38
38
19
19
19
3
12
14
14
14
21
45
15
15
15
45
45
45
45
49
20
2
