45
46
46
46
46
46
46
46
46
46
26
35
22
26
12
3
3
3
34
34
34
12
5
5
23
22
35
35
35
25
25
25
10
29
29
2
13
13
13
13
17
17
17
40
40
40
6
6
18
41
15
15
17
25
25
23
22
30
30
25
25
30
3
50
50
20
22
22
15
15
27
16
16
16
2
44
29
40
24
38
38
46
21
15
15
1
39
39
39
39
37
33
33
33
35
13
14
12
12
45
45
3
35
35
35
44
40
37
37
37
14
14
14
14
26
26
26
3
31
37
37
12
12
12
1
43
12
12
42
42
42
41
41
41
19
19
19
20
42
20
18
5
1
1
1
1
1
29
29
29
29
29
29
29
3
48
43
7
7
18
30
30
10
10
48
48
11
11
36
36
36
1
1
1
38
38
16
16
16
43
43
14
14
14
14
4
4
4
48
28
1
49
14
14
17
20
11
25
47
30
30
49
