5
49
49
49
2
32
32
32
32
1
44
44
44
16
16
16
16
16
6
6
6
34
34
34
34
34
3
3
41
47
47
16
16
16
30
30
30
41
5
23
20
20
20
12
32
32
36
37
37
37
33
2
2
2
2
2
2
35
35
50
32
32
32
11
8
43
43
43
43
1
48
48
34
6
19
19
19
19
19
19
19
42
37
37
37
37
25
25
27
46
46
50
50
30
30
30
30
28
28
28
16
16
16
31
27
40
44
36
36
49
49
49
49
49
49
49
49
49
49
11
11
37
3
43
43
43
43
43
43
43
5
28
28
28
28
28
28
39
39
39
39
20
20
20
20
16
10
35
35
27
10
2
40
48
48
48
22
22
22
22
44
44
40
40
23
23
28
13
13
48
48
48
48
46
46
27
27
47
8
43
31
31
31
31
31
31
49
4
4
4
4
4
16
38
38
46
46
20
20
44
15
15
