26
26
26
26
26
48
48
48
25
11
41
41
41
49
27
45
21
40
25
25
32
32
50
10
32
27
27
27
39
39
23
40
40
5
46
46
46
1
1
34
34
34
34
12
1
34
40
27
33
26
26
30
16
16
16
16
16
47
47
47
47
47
28
28
24
24
24
2
2
2
37
37
37
37
37
6
6
3
3
3
8
9
19
24
37
43
3
3
3
3
37
20
22
22
22
49
38
38
10
40
40
31
19
19
48
45
31
31
31
18
18
18
33
39
28
25
38
14
40
1
1
20
20
45
45
19
19
34
28
28
1
8
31
47
5
15
49
49
23
24
24
24
47
34
26
26
26
26
28
28
21
21
40
3
35
35
35
42
25
25
11
47
8
8
22
22
11
11
18
36
36
36
36
36
36
31
16
23
23
23
17
6
6
39
25
41
41
41
41
13
2
38
38
38
44
47
50
12
29
29
18
18
