42
26
26
39
39
23
23
2
2
39
8
3
10
10
10
10
43
43
17
17
22
22
11
8
45
8
23
1
1
19
43
43
43
43
39
24
40
15
15
27
27
27
27
40
5
49
49
49
40
40
24
41
13
13
40
21
48
8
6
6
40
40
21
21
31
26
26
6
6
41
17
17
17
17
17
17
17
17
14
10
10
3
19
19
27
1
1
1
1
1
1
9
37
37
31
31
27
15
15
29
29
22
22
22
22
29
7
7
7
37
46
46
28
42
42
13
13
33
33
33
9
9
9
43
37
37
37
37
44
35
35
35
35
36
1
1
1
17
42
42
42
48
37
37
41
41
41
41
18
48
23
23
23
23
23
50
37
37
37
37
37
37
29
12
12
30
33
37
9
27
27
33
33
41
18
16
44
44
44
44
20
20
24
24
24
11
23
13
6
45
18
40
30
28
28
43
43
43
20
41
41
48
