25
7
28
28
12
44
44
44
44
18
18
22
22
22
22
22
22
22
22
17
13
13
13
9
9
15
15
15
15
41
41
8
43
17
17
17
17
10
10
33
41
35
41
4
9
9
9
9
16
43
50
50
50
31
31
44
44
44
44
44
31
31
30
8
30
30
29
29
29
11
11
45
36
36
43
3
3
3
32
24
22
22
22
22
22
22
24
4
4
28
45
44
39
12
44
37
37
9
9
9
9
9
9
13
13
20
35
20
49
8
8
8
10
5
6
28
28
31
9
8
8
15
5
5
13
36
36
46
46
46
43
43
43
43
31
45
40
40
40
40
28
28
2
2
20
20
5
5
45
45
3
38
38
38
33
37
37
27
5
5
5
5
5
10
36
36
36
36
21
21
21
21
15
18
18
18
4
4
4
22
24
9
9
9
9
41
41
11
26
26
46
46
46
16
16
16
38
38
38
34
32
30
