32
32
32
10
9
44
44
44
44
8
41
1
1
1
6
6
23
17
17
17
17
17
40
40
40
40
39
28
17
48
21
21
21
20
23
19
19
47
16
16
16
16
16
16
32
32
23
17
17
17
17
17
17
17
16
50
3
3
37
45
50
48
23
23
23
23
23
23
23
23
50
50
43
9
9
9
38
39
39
18
18
22
22
22
22
22
7
46
24
24
18
31
31
31
10
10
10
10
4
48
17
36
36
36
9
9
9
31
31
6
6
6
22
20
28
28
28
28
49
49
49
12
12
12
26
26
26
26
49
49
49
49
34
9
9
25
34
17
40
40
40
40
40
40
2
2
2
2
2
29
29
29
29
29
2
2
6
4
4
31
31
17
4
7
7
10
10
10
37
37
37
37
5
5
2
31
31
31
31
31
31
31
29
29
29
29
29
9
9
9
27
48
48
26
23
23
34
34
19
19
41
27
