35
28
28
48
48
18
49
49
49
46
37
35
28
28
28
26
26
26
46
46
46
6
6
18
14
14
28
28
28
28
49
49
49
49
49
48
13
22
42
14
49
22
49
49
49
46
45
45
45
41
41
41
41
41
2
2
10
10
10
10
36
36
36
36
45
45
45
45
45
11
11
11
11
11
11
11
11
11
14
14
45
45
26
30
30
30
26
39
39
41
41
41
41
6
35
36
13
13
42
42
37
37
37
37
6
6
6
35
35
28
28
42
42
42
42
30
30
33
33
33
33
33
49
49
49
49
39
37
36
36
36
36
36
49
13
26
41
41
41
41
39
39
48
13
14
28
18
18
10
10
10
6
18
39
36
36
11
11
48
26
41
11
14
14
14
48
48
48
48
48
48
48
35
33
2
2
2
48
48
30
39
39
14
36
26
14
14
14
14
11
11
11
30
30
48
42
42
42
42
14
14
14
