27
21
21
21
37
13
14
49
49
8
8
8
32
10
10
10
9
41
41
41
41
41
41
41
7
7
47
28
1
33
33
40
2
45
45
20
20
12
39
39
14
13
13
13
24
6
33
33
33
8
48
6
30
30
47
47
37
11
11
18
7
24
24
24
15
15
15
15
15
15
15
49
10
10
10
10
11
11
1
1
1
24
24
3
27
13
8
8
7
7
7
3
3
3
3
3
3
3
3
35
1
1
1
8
27
27
26
26
26
26
44
44
44
44
44
44
44
44
41
41
50
22
22
4
44
14
3
3
36
36
15
15
15
25
11
17
17
45
45
27
27
27
27
23
23
23
23
23
38
38
11
11
11
34
34
34
24
35
49
15
49
49
30
44
44
44
44
44
44
38
38
14
14
41
41
41
15
4
4
4
4
24
24
24
24
24
24
17
46
10
9
9
9
49
2
2
16
34
34
7
10
10
