47
12
14
14
14
1
13
13
8
8
43
50
41
14
16
36
36
36
27
5
5
3
3
49
46
46
46
44
44
44
31
40
40
40
24
35
44
8
8
8
8
28
41
41
41
41
25
32
6
21
36
15
15
18
47
3
3
26
26
13
13
18
18
18
12
49
49
49
37
32
32
28
46
46
47
47
19
19
20
16
32
32
46
6
14
14
14
14
14
7
15
15
10
46
40
40
18
50
13
13
26
12
12
17
43
43
35
35
8
12
12
12
30
30
30
48
17
17
17
28
20
41
29
29
5
14
14
26
26
26
26
26
28
27
27
17
38
28
30
41
32
32
32
41
25
27
25
34
2
2
50
47
29
49
49
43
13
40
40
40
43
43
5
5
39
39
35
35
22
49
49
49
42
42
42
42
3
3
30
19
19
19
37
37
37
29
40
20
1
20
20
34
34
10
42
42
19
19
19
19
29
47
