38
42
42
42
8
8
8
8
8
32
32
32
32
31
31
39
39
34
3
3
3
41
41
4
4
29
18
48
13
41
41
45
45
45
36
36
26
21
21
23
23
1
1
1
46
30
30
3
43
38
44
37
44
44
44
48
48
33
32
32
32
32
36
36
5
5
5
5
5
5
5
5
23
2
2
2
2
19
19
19
11
32
35
1
48
36
21
31
19
19
19
19
26
26
20
20
34
34
3
42
42
37
46
29
29
33
33
33
48
48
48
48
48
13
36
36
17
17
17
17
21
9
9
5
5
27
27
27
3
3
3
8
40
40
40
40
19
21
21
21
27
27
29
29
29
40
40
28
28
28
28
30
30
31
31
31
31
14
13
13
36
36
26
16
50
41
41
41
41
45
26
45
45
45
45
6
6
22
13
13
13
37
7
7
37
37
42
42
42
42
42
17
17
44
45
49
49
44
44
44
22
40
