10
10
19
49
44
35
35
48
48
21
21
1
1
49
49
11
21
21
21
50
29
29
25
38
46
46
46
46
46
19
33
33
48
3
3
3
44
45
7
36
36
36
22
22
5
43
43
35
18
5
23
7
32
23
23
29
9
9
9
37
37
37
19
37
23
23
1
3
8
31
18
18
23
23
23
34
7
22
22
22
10
14
9
9
9
46
6
31
43
4
37
37
28
28
37
37
18
49
49
28
28
28
28
28
12
12
12
44
26
26
47
50
11
11
11
10
10
10
10
10
42
16
16
49
49
48
8
8
22
1
4
47
47
21
25
25
25
25
25
25
9
9
35
16
16
44
44
17
17
28
34
32
32
7
7
7
7
7
38
38
2
2
2
35
35
8
44
44
40
14
8
17
39
39
39
37
37
37
14
14
49
22
22
22
31
31
32
5
49
49
49
49
13
13
13
11
21
22
6
6
6
3
