47
14
11
40
40
22
22
22
25
25
25
31
31
23
23
12
18
10
10
33
33
11
29
29
46
46
46
17
3
44
44
37
33
33
17
6
6
16
49
6
6
4
4
11
46
50
37
28
28
28
38
38
38
38
20
46
27
27
24
38
20
32
32
49
44
42
42
42
44
44
44
44
16
16
30
30
30
21
21
21
16
16
13
13
42
42
42
35
8
27
27
27
27
22
22
22
22
22
48
26
26
26
26
26
14
50
3
14
10
10
8
8
29
32
32
32
32
32
49
28
13
13
13
13
28
28
1
49
49
49
49
49
49
49
2
2
2
2
2
19
33
33
33
8
8
8
8
31
11
11
50
19
43
43
30
30
30
4
4
4
9
50
49
49
49
49
21
23
46
46
13
13
43
43
43
3
3
3
7
20
36
49
49
49
49
49
45
45
45
22
22
18
43
16
48
42
42
30
24
9
9
30
