50
40
19
18
18
11
12
1
1
1
25
17
17
17
46
26
26
26
2
48
48
6
44
44
44
50
50
50
46
41
41
41
25
25
33
38
27
27
19
19
19
19
19
4
39
39
39
39
29
44
23
23
6
6
27
27
27
27
27
27
35
35
25
25
25
27
27
27
27
29
49
49
49
49
49
16
25
36
19
19
46
14
14
1
1
47
23
23
23
4
4
6
6
6
34
38
47
37
46
9
24
24
24
40
40
40
40
15
33
10
10
10
10
24
23
23
17
17
33
33
33
33
33
15
42
42
42
18
38
18
18
18
18
18
38
49
49
28
6
6
6
6
30
30
30
33
33
33
33
33
33
33
10
10
10
10
10
19
29
29
29
7
7
28
24
30
4
46
17
46
31
17
18
18
18
5
22
3
3
3
3
3
3
3
49
49
49
5
26
26
29
21
30
30
30
30
30
30
30
11
10
10
