29
29
24
24
27
27
36
48
30
30
24
33
25
25
25
25
25
25
47
39
39
2
2
15
34
34
34
48
48
48
48
40
40
7
2
24
24
25
25
25
25
25
37
45
32
32
18
19
19
19
19
3
33
33
36
36
34
34
30
30
30
30
42
19
25
25
21
47
15
15
15
15
15
3
8
29
29
29
20
2
25
2
2
6
27
27
49
35
37
34
34
34
18
6
6
38
27
37
37
37
37
37
4
5
5
24
42
23
8
15
17
17
17
49
49
49
16
24
30
48
48
48
48
1
43
43
43
43
43
17
17
17
17
39
39
9
9
9
14
24
30
30
6
27
27
29
12
28
24
7
7
7
16
9
9
9
9
40
29
29
29
11
11
11
11
11
39
36
31
31
25
25
25
25
39
32
32
18
14
14
26
26
35
47
47
47
11
11
3
3
3
3
46
46
46
46
43
11
11
18
18
18
