13
13
36
36
36
36
24
31
2
2
2
2
2
2
18
18
18
16
45
21
21
21
26
1
1
1
1
1
1
7
16
16
33
33
36
25
36
5
5
19
13
20
20
40
49
49
16
16
28
1
1
41
41
10
10
10
10
10
28
30
30
30
1
1
12
28
28
28
28
28
44
39
48
24
36
36
36
5
5
30
3
10
23
20
20
20
11
11
4
4
4
21
40
40
4
7
45
45
45
45
16
16
6
2
2
48
48
14
14
35
35
35
35
49
49
33
33
33
33
33
30
9
9
9
9
9
9
20
20
2
24
24
24
33
43
20
20
20
20
20
20
20
20
19
25
25
27
2
2
18
18
18
18
18
18
10
7
7
7
7
7
30
30
48
48
48
2
3
3
42
15
50
1
42
42
42
42
1
1
34
1
1
1
14
14
14
17
17
17
31
15
29
16
42
42
42
42
4
41
21
4
30
