23
12
26
14
14
22
22
45
45
37
37
37
22
49
49
49
29
29
29
48
3
48
26
26
8
8
42
42
42
42
50
30
25
25
25
25
25
25
25
25
25
11
11
16
16
16
37
37
37
37
37
1
47
43
43
46
46
13
34
22
49
49
49
11
11
11
11
45
11
11
11
11
11
11
26
26
2
30
30
30
35
35
6
19
19
19
35
35
7
27
27
4
27
8
38
41
41
50
46
47
42
1
16
33
33
32
6
42
42
42
29
29
29
41
15
6
38
17
17
17
17
17
39
39
23
23
12
12
12
10
36
36
6
6
6
6
6
12
12
12
12
12
24
35
7
7
33
33
49
7
7
16
37
37
37
37
37
3
3
3
42
42
42
42
50
7
7
7
23
23
23
23
21
21
45
43
34
34
34
24
24
32
32
5
4
4
4
4
36
3
3
12
12
34
48
20
20
20
20
31
31
31
