37
37
48
48
40
12
13
13
13
46
43
31
31
31
43
17
17
17
22
47
10
10
10
10
10
45
48
48
22
45
45
1
26
3
37
34
35
8
18
44
44
32
29
32
42
7
7
8
20
20
48
48
40
7
22
22
33
43
43
5
37
37
37
9
9
9
9
9
22
49
49
36
36
36
36
43
43
43
43
3
3
25
3
1
1
1
1
25
13
13
13
13
45
15
47
47
41
2
2
47
47
47
47
47
49
43
11
19
2
46
49
49
50
50
50
26
26
26
26
10
27
27
27
35
25
12
26
26
26
22
22
22
22
22
50
50
50
50
36
49
49
49
49
49
49
49
18
18
24
49
29
23
23
27
40
16
16
22
22
24
24
17
17
17
17
17
43
43
8
30
30
6
31
31
35
35
29
44
44
44
44
44
26
26
33
33
33
8
8
8
8
8
8
17
26
26
34
7
7
22
20
20
