20
20
31
31
31
31
31
34
35
26
26
26
26
26
26
8
8
8
8
8
50
35
35
16
16
11
11
47
47
47
47
47
47
48
48
48
48
48
48
48
3
13
13
13
13
13
13
13
18
18
34
18
18
21
21
42
42
50
2
2
38
38
40
40
40
40
40
40
16
41
41
41
37
18
18
18
2
2
46
50
50
37
37
24
41
41
41
41
41
42
13
13
40
42
42
42
42
42
42
5
5
32
1
37
37
37
13
13
17
17
17
9
43
44
50
50
50
25
25
2
2
2
28
29
29
29
29
10
10
10
6
6
6
10
28
28
28
43
43
43
43
5
5
5
5
4
2
22
26
26
26
41
41
41
31
31
31
31
31
6
6
24
24
42
40
40
12
3
3
3
6
20
20
20
29
32
32
12
31
31
27
27
37
42
42
48
28
22
39
39
20
40
10
20
20
20
37
37
44
44
44
44
