7
13
13
12
19
36
21
21
34
10
5
31
9
9
9
9
9
9
9
45
12
45
3
3
3
50
22
22
6
44
25
25
30
30
29
48
48
45
47
24
24
45
10
10
14
31
31
21
40
40
28
24
37
45
45
41
45
12
12
12
12
15
37
37
15
9
24
24
29
13
13
13
37
39
43
38
38
38
38
38
14
14
14
45
45
45
8
1
46
19
19
32
32
32
27
44
44
43
43
26
19
19
19
16
18
18
38
38
38
38
38
48
48
11
10
10
5
5
5
27
40
25
25
40
48
40
10
46
46
46
46
15
15
47
47
47
47
47
25
23
23
14
14
14
14
28
28
8
47
47
2
14
14
3
50
3
3
3
23
23
23
9
35
48
47
47
47
47
47
13
13
13
13
13
13
13
13
46
8
8
3
3
46
5
27
27
10
10
36
35
32
44
44
38
23
42
10
10
31
35
35
22
