18
23
23
23
23
23
30
30
30
30
30
5
5
31
31
47
47
47
47
7
7
20
20
20
43
43
43
46
42
42
14
14
50
42
34
25
48
23
23
23
23
13
13
13
13
42
42
42
42
15
15
37
37
37
37
37
48
34
30
43
7
6
3
3
3
13
13
13
13
34
34
34
13
34
34
34
3
3
2
44
44
44
16
15
15
13
7
18
13
13
26
35
23
23
32
41
33
28
4
13
13
12
18
7
7
38
38
47
46
46
46
45
45
45
45
45
47
47
23
23
23
13
44
44
13
3
27
27
27
27
27
27
32
32
32
32
32
32
35
16
46
42
42
42
23
28
28
11
5
5
5
22
7
7
7
31
25
25
25
25
25
1
7
7
7
12
27
27
3
35
9
9
9
9
9
31
1
19
26
30
34
34
48
48
48
48
32
32
32
32
48
48
48
47
47
20
34
34
44
24
32
12
