3
4
19
19
19
23
23
23
23
31
32
44
44
44
44
2
45
45
3
28
20
41
41
41
41
13
49
27
7
34
30
30
6
6
6
6
6
48
2
20
20
21
22
22
25
40
29
29
40
29
29
29
29
15
15
15
1
47
34
25
10
20
17
17
25
44
7
35
35
35
35
43
43
5
5
49
49
31
2
6
6
6
6
15
15
15
15
12
12
20
13
13
25
25
44
3
8
23
23
14
33
33
33
43
43
1
33
30
16
16
41
41
22
22
49
18
34
21
21
21
21
21
2
19
38
38
38
50
50
50
50
8
8
8
8
35
12
12
12
23
26
26
26
26
34
34
7
7
7
7
21
21
12
37
30
12
33
33
39
23
3
28
28
17
17
17
21
21
21
21
21
42
42
35
30
30
27
27
27
27
27
15
15
15
35
35
35
31
31
31
31
6
6
6
37
37
37
35
3
3
8
8
