5
29
29
1
6
4
4
38
33
33
41
7
7
7
34
15
15
1
3
3
15
9
40
40
43
43
39
41
41
46
48
48
23
12
12
12
24
24
49
45
45
45
20
22
21
35
23
23
23
23
23
23
23
13
13
13
13
13
13
13
27
27
27
30
30
30
22
22
22
33
33
33
10
1
1
1
1
42
44
44
43
43
14
50
50
49
49
28
28
28
28
28
10
10
10
14
3
6
26
26
26
26
1
8
20
20
20
20
20
32
32
32
32
28
28
6
42
35
35
35
27
48
44
6
6
50
45
35
35
35
35
42
42
42
42
42
23
23
23
22
16
16
22
22
22
22
22
22
3
3
35
36
41
41
41
41
41
23
23
1
50
20
20
24
25
5
5
41
20
4
38
38
38
19
19
26
26
26
26
34
34
30
46
46
46
7
10
10
10
27
27
27
12
12
36
36
12
23
23
17
46
28
