9
42
22
22
22
22
17
29
29
29
29
29
6
6
6
29
4
4
4
4
2
2
2
46
46
46
36
36
36
36
36
36
36
23
9
9
9
2
18
18
38
37
37
37
37
31
26
1
1
49
42
39
39
40
37
22
31
31
31
47
47
49
49
49
18
18
40
23
47
47
47
23
2
15
21
39
39
39
39
22
5
18
18
8
49
49
2
35
35
35
30
4
4
4
4
22
22
22
22
38
30
30
21
21
26
29
5
46
46
46
26
26
15
33
31
31
24
28
28
28
15
26
26
26
24
24
15
15
15
26
37
37
26
26
26
26
26
28
28
18
24
24
15
15
15
24
41
49
9
3
3
47
21
21
21
21
21
3
3
3
3
3
3
31
48
48
48
47
6
6
6
14
14
14
23
23
24
24
47
47
19
19
11
31
31
30
38
32
32
28
28
28
11
11
11
11
40
49
49
49
49
39
