47
44
16
16
16
38
15
36
13
13
13
7
7
20
20
17
1
1
13
15
15
15
32
9
18
40
19
19
49
49
10
10
10
40
40
40
46
47
47
47
16
4
37
22
41
24
7
7
16
16
43
16
32
44
44
44
44
21
21
21
21
27
27
44
44
13
13
12
12
12
12
12
12
10
48
36
36
8
14
10
10
10
10
10
44
44
9
26
35
19
26
22
22
6
48
27
27
27
3
36
23
23
23
23
23
24
24
24
24
38
1
26
26
26
22
47
47
47
2
2
2
2
46
46
46
46
42
42
20
20
8
14
10
10
49
50
18
3
3
44
44
31
31
15
15
15
8
8
8
8
34
47
35
22
22
22
22
22
47
11
11
9
50
19
19
19
19
19
19
9
9
9
9
9
22
22
22
22
22
20
20
20
20
2
2
6
6
7
3
3
23
23
7
7
8
24
24
12
12
27
27
42
