2
2
31
34
12
12
12
12
12
8
8
8
8
8
8
28
28
49
28
28
48
25
2
15
13
13
13
31
15
15
1
1
17
21
21
12
15
27
9
40
22
13
18
46
46
46
4
4
4
18
47
16
35
31
44
38
46
37
24
24
24
50
26
26
26
30
30
47
25
25
19
33
9
9
38
38
16
37
26
16
16
24
24
26
26
26
26
26
26
38
26
25
9
33
33
13
13
13
39
39
43
46
3
32
20
16
39
39
39
50
50
35
35
44
44
44
25
32
32
32
32
32
11
11
11
11
30
30
14
14
14
9
9
12
44
44
13
13
13
16
16
16
16
25
11
50
3
3
3
29
29
8
22
44
44
44
24
1
17
23
23
23
23
1
11
11
9
25
25
35
35
34
33
19
29
48
48
48
48
23
24
24
9
15
6
15
41
9
9
27
27
20
39
30
30
30
30
12
9
43
43
38
