36
36
38
2
2
30
30
4
4
13
12
45
37
9
9
12
12
12
27
15
33
30
39
43
43
43
16
16
30
30
35
35
50
50
50
50
49
49
49
49
12
42
42
42
42
31
9
32
26
26
26
26
47
44
44
44
12
12
26
12
12
8
8
8
8
8
8
8
8
31
31
50
50
50
33
33
50
15
46
40
45
45
45
45
10
19
45
45
32
32
21
21
21
2
2
2
2
26
26
6
40
47
47
15
42
42
42
42
1
8
8
43
43
50
31
41
41
41
30
19
14
4
4
14
25
25
25
38
31
31
49
49
33
33
9
9
9
9
9
9
11
11
47
47
43
42
42
42
21
21
21
26
26
26
15
15
15
15
21
34
1
1
4
4
9
9
9
9
16
16
33
33
33
5
9
40
40
40
33
39
39
39
25
44
30
33
49
29
29
23
23
35
35
35
35
35
33
37
37
37
37
37
