2
2
46
46
27
27
38
33
33
33
33
43
33
35
36
15
15
3
17
17
17
17
17
48
41
35
3
3
3
3
3
7
14
27
27
27
27
13
13
13
11
11
11
11
11
49
49
28
3
3
3
3
3
22
47
46
41
22
22
22
37
34
34
5
19
19
23
40
15
50
50
50
50
40
40
40
45
45
33
33
29
29
1
46
46
46
19
19
19
19
19
19
19
19
19
22
22
22
39
39
39
17
6
6
29
29
29
29
46
46
45
30
48
4
20
20
20
20
20
20
27
32
42
14
14
49
28
28
11
11
11
27
27
27
27
26
26
42
48
48
48
7
12
12
12
12
37
5
23
23
23
21
21
43
43
6
6
8
8
50
50
50
36
26
26
26
17
17
19
19
19
15
23
17
17
15
15
47
47
19
15
37
48
3
3
3
3
3
3
43
13
17
17
17
42
44
44
20
19
2
2
15
