37
37
37
26
26
26
41
25
25
48
9
37
37
16
35
35
35
35
12
12
50
48
46
46
27
17
20
20
20
20
45
45
10
41
10
10
10
10
10
26
50
50
50
39
15
12
8
8
8
14
14
14
5
16
16
16
16
16
7
26
17
40
40
44
2
2
2
37
11
11
11
45
7
20
29
15
22
22
22
46
46
29
29
29
38
38
13
19
15
3
3
3
3
3
3
14
14
42
42
14
30
30
30
30
30
6
34
45
50
31
31
31
31
31
38
18
7
7
7
37
37
35
45
16
31
31
3
38
38
38
16
42
42
44
23
49
49
49
1
1
1
16
40
40
33
33
12
33
1
8
2
45
9
44
44
13
44
8
1
1
20
20
29
29
29
29
43
43
43
43
16
20
10
10
10
2
2
2
3
36
24
18
21
21
9
30
30
19
19
19
19
24
24
37
15
49
49
49
49
49
46
46
