13
13
13
13
10
10
10
10
44
49
46
18
27
18
18
40
19
19
19
19
22
22
22
22
22
35
35
35
22
45
31
17
17
17
32
10
27
27
27
48
3
41
41
1
1
1
1
1
29
29
42
42
14
14
14
14
14
18
19
25
25
25
32
5
5
45
45
2
46
27
3
3
3
2
2
12
12
12
12
12
12
23
23
9
14
14
28
9
9
9
9
9
15
15
15
32
43
17
17
17
17
17
19
4
4
4
21
30
34
28
28
1
28
49
49
29
2
2
2
16
16
40
31
30
30
30
24
15
15
15
14
14
14
14
14
14
14
14
14
30
50
50
3
3
35
11
11
32
32
32
32
6
6
34
34
21
20
20
41
14
14
21
21
50
50
50
45
37
37
22
15
35
35
26
26
26
11
11
11
27
20
20
48
23
23
30
8
8
10
10
10
34
13
19
46
46
19
20
12
12
21
21
