18
18
18
18
12
43
23
23
23
32
25
25
25
11
11
11
11
11
11
41
49
21
41
41
14
14
13
13
13
4
8
23
5
28
28
34
34
26
26
24
19
28
36
36
23
23
1
1
1
1
17
17
17
10
26
26
11
27
24
13
26
41
41
23
42
44
43
43
43
43
9
9
17
47
42
16
1
1
37
46
40
40
40
14
39
39
39
39
45
45
45
45
45
45
45
21
20
20
16
30
38
29
49
49
42
1
24
17
17
17
13
13
50
45
45
45
25
25
25
8
39
39
40
36
12
1
1
1
11
11
11
15
15
23
23
10
10
10
23
23
23
23
4
4
11
11
26
26
26
26
26
26
26
26
5
43
43
43
43
47
47
47
2
32
14
35
31
31
48
11
4
4
4
36
36
36
36
36
36
36
36
15
34
4
4
49
49
49
9
3
3
25
14
14
14
12
12
50
50
33
33
33
