40
47
20
39
10
10
10
10
44
39
39
39
39
4
4
7
7
14
14
5
5
2
6
6
6
6
6
6
21
34
37
37
37
41
18
18
46
21
21
33
42
15
10
3
3
16
16
16
16
4
4
36
36
13
21
21
36
36
36
36
11
29
42
42
42
36
36
15
15
15
35
23
28
23
23
23
23
23
44
18
18
7
10
10
10
14
14
14
14
32
19
19
36
37
37
49
49
19
19
38
25
42
42
42
44
44
48
35
35
35
35
47
47
17
17
30
30
34
38
19
19
2
2
20
4
4
4
47
8
8
40
40
40
14
14
36
36
36
23
31
31
31
31
31
1
40
30
30
30
8
8
8
8
8
42
30
30
30
13
5
5
27
27
45
45
45
28
33
29
29
29
21
21
18
26
14
14
14
14
14
1
27
33
33
19
20
20
20
20
20
20
20
48
48
48
20
20
20
18
43
44
44
