41
3
3
47
47
11
24
35
32
32
35
18
18
30
22
2
2
33
42
42
12
34
32
32
32
32
32
16
2
2
22
22
7
7
7
19
2
2
34
34
20
20
20
1
15
15
15
4
47
47
47
15
15
15
9
31
31
20
28
28
28
27
27
27
27
27
35
23
1
24
24
18
11
26
15
15
44
33
10
27
27
32
32
43
29
43
43
43
43
29
29
29
9
24
7
7
7
7
7
7
7
7
7
7
7
7
29
29
11
29
8
8
38
38
38
38
9
2
2
2
42
2
38
38
38
16
16
10
10
21
14
14
14
14
14
27
27
48
7
13
13
13
13
13
8
8
14
14
13
13
13
13
13
13
13
18
17
37
17
6
6
6
4
32
32
32
32
32
50
50
40
40
5
22
11
29
9
9
33
35
35
23
23
39
5
21
21
21
21
21
50
25
25
28
18
18
18
49
17
17
17
17
