20
14
14
41
41
41
22
22
22
32
32
32
32
32
48
40
23
23
31
1
1
1
1
11
13
42
7
30
14
22
37
13
13
37
26
5
5
5
5
30
30
30
30
17
48
5
5
4
4
48
48
29
29
29
29
29
29
19
19
19
43
5
2
16
21
42
45
45
45
42
42
42
44
44
44
44
44
44
40
40
5
5
5
23
47
30
10
38
22
22
41
41
48
48
8
8
8
8
46
20
20
20
30
30
19
19
11
34
34
46
46
46
46
46
2
50
50
50
50
36
4
4
23
23
32
32
46
5
20
12
45
45
9
45
4
34
34
32
32
32
13
13
13
8
44
47
18
11
8
41
41
41
41
41
41
41
35
21
48
48
48
45
45
45
45
45
45
35
35
14
14
14
14
41
41
41
41
37
37
41
41
41
41
41
35
17
17
17
5
48
48
48
41
34
34
29
29
36
20
41
45
36
