42
32
49
49
49
23
25
16
24
24
5
6
48
27
27
27
23
23
4
4
4
4
4
28
39
39
39
47
47
49
48
9
28
28
43
26
15
15
15
15
15
15
15
15
15
15
41
39
39
35
5
4
45
20
9
9
38
17
21
42
14
50
42
42
29
29
29
29
29
29
29
29
29
13
24
24
31
43
17
20
20
20
20
20
17
17
17
17
23
20
20
2
2
2
30
30
30
28
28
28
28
38
38
38
39
34
7
7
7
39
16
16
16
16
8
39
39
39
39
45
45
16
10
40
14
42
42
50
50
50
9
9
29
26
12
22
45
45
45
39
39
39
39
37
37
22
22
12
47
47
11
11
11
29
14
25
25
4
19
48
48
40
8
8
43
43
43
43
43
43
46
46
29
31
31
37
30
30
25
33
45
38
38
24
5
5
5
5
18
18
39
39
39
39
39
15
7
16
43
43
32
36
