13
28
28
33
33
33
41
7
7
36
36
36
36
36
26
25
25
25
26
26
44
44
44
44
8
20
20
25
15
41
9
9
9
9
45
45
45
45
45
45
45
3
3
13
13
44
10
10
41
31
19
19
16
11
11
11
48
47
43
43
6
6
6
48
24
40
40
40
38
38
19
50
25
25
25
6
36
36
48
48
48
16
16
16
26
46
46
46
46
22
28
41
18
1
1
24
36
47
47
47
47
41
5
5
18
18
18
38
19
34
46
4
4
28
28
28
28
27
6
6
6
10
30
30
40
29
29
29
12
38
36
25
25
25
25
10
37
37
37
10
10
10
13
13
32
48
12
8
8
8
26
26
32
17
17
17
17
24
37
37
22
7
3
3
3
43
43
43
43
43
37
25
15
15
15
39
39
39
38
33
47
35
35
35
35
11
1
40
40
40
40
23
23
23
23
29
29
24
15
15
15
15
