6
6
22
41
46
41
26
26
48
48
30
30
30
22
22
22
46
46
26
26
18
18
30
48
35
26
49
18
18
46
46
35
35
46
22
26
26
30
30
2
48
48
22
22
6
6
2
49
49
49
49
49
49
22
22
46
46
46
46
46
46
46
41
41
6
26
26
26
26
26
26
26
30
30
18
18
35
35
35
2
46
6
6
6
6
35
35
35
35
35
35
41
30
13
13
2
2
2
30
30
49
6
35
35
35
35
41
48
48
48
48
48
30
13
35
35
35
2
2
18
18
18
18
18
18
26
46
49
49
18
18
18
18
13
13
13
13
2
2
2
2
2
2
49
26
49
49
49
49
13
30
30
22
22
22
22
2
18
18
49
41
41
41
49
46
35
35
26
26
46
49
49
35
46
46
13
35
35
35
2
2
18
18
30
30
30
26
26
13
13
26
6
6
49
49
49
49
49
49
49
49
13
