10
10
16
25
27
4
4
4
50
8
8
8
49
50
50
50
50
10
10
10
10
8
8
8
39
25
25
25
12
29
44
44
44
44
45
16
24
24
24
24
39
29
15
1
1
1
38
38
38
38
38
38
38
38
38
15
15
45
45
35
28
42
42
38
44
44
33
14
14
14
38
38
38
38
38
40
40
25
11
11
11
11
11
7
18
1
1
1
46
39
48
48
5
26
22
22
22
30
30
34
9
9
9
46
46
46
46
5
10
10
10
37
37
37
18
24
39
21
33
2
36
36
32
32
33
33
12
36
36
36
14
11
11
11
11
11
24
3
36
36
26
26
24
28
40
49
37
23
34
31
31
31
50
50
27
27
37
34
34
34
33
33
33
33
34
34
43
43
12
16
16
2
2
2
2
2
2
2
2
2
2
2
2
2
2
11
11
11
11
28
23
9
23
24
11
11
11
35
35
16
16
35
