39
39
39
39
39
50
17
17
17
7
50
9
23
23
24
24
24
34
34
34
34
34
34
34
34
34
35
46
46
46
37
37
37
37
37
5
5
5
35
35
44
44
44
33
33
32
32
17
17
27
11
27
27
20
1
1
46
46
14
47
47
20
3
42
2
4
15
21
21
21
21
15
10
10
10
1
11
8
42
8
31
28
15
15
18
18
39
39
1
42
42
42
42
42
29
46
20
30
30
30
18
18
18
18
18
18
4
49
47
47
44
44
44
44
44
44
44
44
44
50
50
50
38
4
4
1
1
24
24
30
30
30
43
13
13
32
32
32
26
20
34
4
4
32
21
50
50
50
25
31
31
20
20
40
40
40
40
40
40
40
40
40
36
7
35
35
14
14
2
18
18
18
18
18
11
20
20
18
18
18
18
4
4
4
35
35
38
38
38
38
38
38
38
38
38
38
38
38
21
36
36
1
