29
29
38
38
34
1
1
1
50
11
11
11
5
5
45
12
17
17
47
5
11
14
14
47
24
44
44
44
44
44
44
44
44
26
31
31
13
16
16
16
14
4
4
4
4
4
39
39
39
39
39
3
17
17
17
17
41
41
33
11
11
20
37
37
37
2
22
44
44
20
35
33
33
47
2
2
2
39
25
23
23
40
23
23
23
7
9
9
38
22
22
19
19
19
19
19
7
7
7
15
15
2
22
26
26
26
48
48
9
9
8
49
25
25
25
25
42
14
50
50
50
24
3
3
3
3
3
3
29
29
29
29
7
48
48
49
29
29
4
9
44
44
44
44
44
44
44
44
44
44
16
18
18
18
50
48
44
44
44
44
44
44
28
43
21
21
21
21
36
11
26
34
34
34
34
34
34
34
50
50
8
8
17
40
46
46
3
3
3
3
3
3
3
33
33
33
33
37
37
38
14
14
