15
15
15
30
30
37
37
37
26
26
26
26
30
30
30
30
30
11
11
43
43
43
39
39
39
39
39
7
48
48
5
8
11
11
45
45
7
1
1
1
1
1
32
37
37
49
17
20
20
20
20
7
7
50
39
39
13
13
13
37
19
19
19
5
5
5
12
12
12
26
26
17
47
12
46
13
17
27
42
42
42
42
29
22
26
26
43
43
43
48
37
37
26
26
26
2
2
23
31
36
36
23
8
8
8
8
8
41
41
41
9
10
10
48
48
48
50
50
50
50
34
34
22
22
35
35
11
49
37
37
2
44
44
20
20
20
20
36
36
47
47
46
46
30
30
30
30
30
20
2
1
1
43
7
50
50
25
20
20
20
23
39
20
2
2
2
2
2
2
2
19
19
47
37
37
37
37
46
46
46
46
17
17
2
2
2
2
10
10
10
27
27
27
27
27
17
17
17
17
17
33
29
