35
35
2
2
2
2
35
22
22
22
49
35
35
35
35
30
22
2
2
49
49
49
49
49
49
35
35
35
22
22
22
22
22
49
30
49
2
2
2
35
2
2
2
2
2
30
22
22
22
35
49
49
49
49
49
49
49
49
49
49
2
49
49
49
22
30
30
49
2
22
49
49
49
35
35
30
2
2
2
35
22
30
2
35
2
2
2
2
2
2
2
2
35
35
30
30
35
35
30
30
30
49
49
30
30
49
49
49
49
49
49
49
49
49
2
2
49
30
30
30
30
30
2
2
22
22
35
35
35
35
35
2
49
49
2
2
2
2
30
30
30
30
2
2
30
30
2
2
2
30
30
2
2
2
2
2
2
2
30
30
35
2
2
2
30
30
2
35
35
2
2
2
2
2
2
2
2
2
2
2
2
2
2
2
2
2
2
2
2
2
2
2
2
2
2
2
2
2
2
2
2
2
