31
15
15
38
38
38
23
23
48
48
48
48
5
5
5
5
33
33
33
33
33
33
33
9
9
18
18
18
33
33
24
24
3
21
21
48
48
41
26
11
34
34
49
49
35
35
36
36
36
23
4
4
17
20
15
15
43
1
19
48
48
48
41
28
48
48
13
13
13
13
13
13
4
5
31
29
1
11
32
32
45
16
5
19
19
17
38
38
38
38
11
11
11
29
21
21
11
11
11
11
43
43
43
10
10
9
6
14
49
30
30
30
12
12
12
12
12
38
47
47
33
33
33
36
36
14
35
21
21
21
25
18
6
6
14
14
13
43
43
16
16
16
16
30
30
30
50
50
12
5
5
5
5
18
18
18
18
6
6
6
6
12
12
42
24
24
43
43
1
1
1
33
33
33
33
33
24
24
24
6
6
6
6
6
6
6
24
24
24
25
25
25
25
25
25
36
26
26
26
7
7
32
