39
7
7
43
50
50
50
50
23
50
50
50
25
26
13
13
29
29
29
29
38
38
38
10
10
40
5
44
44
15
15
15
15
15
15
41
3
3
18
6
4
4
4
4
22
16
5
5
5
41
41
4
33
3
6
40
40
40
37
37
37
37
37
33
22
22
7
47
47
17
17
17
17
17
1
31
31
28
28
50
50
50
43
15
20
24
24
6
22
27
27
27
17
17
19
18
18
18
28
28
28
30
37
37
37
19
48
48
48
48
39
39
26
26
26
27
4
8
32
17
17
39
49
49
49
25
25
29
29
24
1
1
1
1
20
20
25
5
5
5
25
28
40
40
40
25
25
25
42
42
20
20
26
20
20
20
41
41
32
35
35
35
35
13
13
13
13
13
13
45
45
45
21
33
33
33
33
33
44
4
3
3
7
43
43
11
11
11
36
36
36
36
36
34
34
36
30
30
30
30
27
34
