50
1
24
24
3
3
42
14
19
39
39
11
10
32
3
3
33
33
30
30
30
48
46
44
44
44
3
3
11
3
3
3
3
3
29
29
29
29
19
19
8
45
45
45
13
13
46
50
50
50
50
50
50
28
28
28
28
28
37
37
21
21
21
21
29
36
36
4
4
4
11
6
13
1
1
1
43
5
34
34
2
2
2
15
16
16
32
33
33
25
12
32
33
4
10
37
37
37
9
38
34
46
46
26
26
26
26
4
4
4
4
40
40
40
40
11
11
11
11
11
36
36
19
19
19
19
19
19
33
9
9
28
15
15
15
15
40
37
11
15
15
43
11
11
17
42
42
42
11
11
11
45
21
15
7
5
5
5
5
9
9
9
9
9
9
9
21
21
43
43
16
16
16
16
16
16
16
11
2
47
8
11
11
11
11
11
2
11
11
11
11
11
11
50
11
50
14
32
32
19
19
16
