7
7
7
7
7
19
19
19
39
39
26
26
40
40
40
30
1
40
40
40
3
3
3
3
3
8
8
8
10
10
10
23
42
38
9
9
9
7
39
39
39
30
32
49
9
9
10
10
38
47
33
33
33
32
6
6
28
28
36
36
3
31
5
31
4
4
40
40
40
8
17
20
20
20
47
17
17
17
17
17
17
50
43
43
43
8
8
8
42
47
47
35
35
35
35
35
19
30
22
22
20
20
15
29
50
50
38
38
38
1
1
1
5
5
45
5
5
24
24
41
48
23
32
32
42
3
3
46
46
37
37
37
18
1
7
25
28
28
28
29
50
50
13
33
50
5
5
5
28
28
28
17
17
17
44
44
44
28
28
28
28
47
47
47
47
30
14
42
27
48
31
22
44
20
16
2
45
39
20
50
42
42
24
24
12
8
16
27
49
4
4
4
4
4
28
10
12
12
12
7
8
20
