18
18
18
3
40
40
7
19
19
17
17
17
17
17
48
20
13
13
13
35
20
50
50
50
50
11
11
15
12
39
28
41
41
38
38
8
8
8
25
25
32
32
24
48
48
3
3
3
3
3
3
11
11
11
11
11
39
24
38
38
34
29
6
6
6
6
31
46
46
15
14
14
28
28
28
28
40
40
40
40
40
27
8
25
25
25
25
25
20
20
7
7
7
21
19
24
11
18
18
38
38
38
43
43
43
21
20
25
33
9
9
16
16
16
16
16
37
25
30
30
30
30
4
4
8
8
50
50
50
2
2
2
2
2
10
6
48
48
48
48
48
41
41
41
41
5
32
44
44
44
27
27
9
21
49
42
44
2
49
49
49
2
48
48
48
25
29
25
7
7
17
17
45
19
19
19
19
19
21
36
12
30
30
16
16
48
12
40
41
41
41
41
42
26
26
26
26
42
42
42
42
42
