44
44
20
37
29
29
29
8
8
12
38
38
25
25
18
18
18
18
36
27
1
40
6
6
38
8
8
20
39
39
22
20
20
17
28
28
33
33
33
24
4
4
32
32
32
32
32
32
26
2
49
49
49
49
50
50
50
23
23
23
23
23
23
23
34
3
3
33
25
25
25
25
16
18
18
31
24
30
25
25
25
25
25
22
22
11
22
23
23
38
38
47
26
29
31
40
4
9
9
9
9
9
4
4
47
47
47
47
47
20
20
20
45
5
5
5
5
8
12
50
50
40
40
16
13
18
30
30
30
30
30
3
3
3
3
33
9
41
41
41
41
31
31
31
5
37
37
25
25
25
25
25
25
25
25
25
25
49
47
33
35
35
19
32
38
38
38
26
6
6
6
6
6
6
6
6
1
1
1
23
23
23
26
26
33
25
44
44
44
44
46
46
46
5
5
14
39
15
15
15
34
34
