28
28
23
23
23
48
32
32
20
35
35
20
20
20
20
20
44
27
27
27
27
40
22
34
2
2
2
41
49
49
49
3
3
12
29
46
9
9
12
12
12
24
3
17
17
17
17
17
48
5
47
43
33
21
21
21
21
23
23
23
43
43
22
22
22
28
28
42
42
15
31
31
12
12
9
9
17
42
42
42
36
36
36
5
5
26
48
36
36
36
17
29
38
38
38
24
24
3
26
9
9
9
9
9
9
12
12
12
43
25
25
25
25
38
28
48
20
47
47
45
45
38
38
34
34
34
34
2
17
17
17
17
17
17
17
35
40
40
43
25
25
46
46
46
46
25
25
25
25
43
43
43
43
39
26
10
38
38
38
38
38
38
38
38
38
3
3
3
3
2
2
48
20
20
20
20
49
49
49
22
22
22
32
32
18
15
33
10
10
45
45
38
38
49
19
40
40
3
3
14
14
14
