44
47
47
47
47
10
12
12
12
12
10
10
12
40
40
40
40
40
40
11
11
34
34
34
34
32
32
32
21
21
17
17
17
17
17
17
25
26
10
31
31
42
42
20
20
20
20
42
42
42
42
41
10
20
11
11
39
39
23
23
42
42
25
27
27
27
20
25
25
13
39
39
15
28
28
29
50
50
50
38
38
38
41
41
41
41
41
35
35
47
47
30
30
30
30
30
50
21
21
21
17
5
5
5
14
14
14
14
14
14
35
31
31
18
18
8
8
8
8
8
8
36
36
33
33
36
36
36
36
29
29
12
12
12
12
12
8
44
23
24
24
24
24
7
7
7
7
7
7
32
1
1
1
1
1
42
43
43
43
42
41
41
39
26
26
40
40
35
35
37
10
10
10
10
10
22
22
22
8
7
7
7
7
7
7
29
17
27
43
43
43
15
15
15
23
23
8
8
6
19
19
19
