34
34
43
43
1
1
1
1
25
25
25
25
14
46
46
18
26
50
9
47
37
9
15
40
40
40
50
6
13
13
5
5
5
39
22
12
38
38
38
10
23
30
30
30
12
40
39
20
20
20
20
20
20
44
12
8
2
33
33
33
33
33
33
33
29
33
33
13
13
23
14
14
18
18
18
38
38
38
40
11
33
33
33
33
25
25
9
9
9
2
2
24
24
18
18
35
28
32
32
32
32
2
23
31
16
6
6
24
14
14
14
19
19
19
32
7
4
4
45
45
45
27
27
27
27
49
49
49
34
34
4
7
1
37
31
15
15
15
15
15
27
27
27
27
27
27
27
27
8
15
15
15
43
43
17
17
39
39
39
14
50
50
4
4
42
25
25
46
26
26
26
34
34
11
17
45
18
18
18
13
21
21
2
44
50
50
48
21
21
21
17
17
17
45
45
45
27
27
27
2
12
12
