10
30
30
17
17
17
46
46
46
46
3
3
6
6
6
38
47
47
47
9
9
35
48
48
48
48
5
5
40
40
40
8
4
4
4
23
7
7
27
27
15
15
23
23
23
26
23
23
24
24
24
37
41
41
8
8
8
20
20
20
11
11
11
11
41
14
39
7
29
29
29
29
29
29
24
24
24
28
19
41
41
41
41
41
41
21
15
15
30
30
7
4
20
20
20
20
20
24
2
2
2
23
23
23
23
15
5
5
5
5
5
5
5
29
29
19
19
19
19
19
19
7
7
7
49
21
13
41
38
38
40
40
8
8
8
41
35
5
15
40
40
40
18
41
19
19
19
19
19
41
38
5
5
25
12
23
43
20
20
20
20
20
20
20
27
12
7
12
12
12
12
25
1
1
27
27
27
27
18
18
18
7
7
7
14
23
23
47
27
28
21
21
17
39
39
26
26
50
45
45
35
35
