46
22
22
22
30
33
6
6
25
19
11
11
11
41
41
41
6
42
42
42
42
14
14
32
15
42
1
1
1
1
50
41
21
21
21
21
21
42
42
42
42
24
42
16
31
31
8
49
49
49
49
4
32
32
32
32
32
43
43
14
14
14
14
14
14
8
8
8
8
8
18
24
17
11
14
7
7
23
6
6
42
42
42
6
6
44
44
44
29
13
13
13
23
31
25
25
23
26
43
43
41
3
3
38
47
9
48
43
43
14
29
15
15
9
9
16
26
18
24
44
44
38
30
30
28
46
24
24
24
24
24
24
31
31
31
31
31
31
3
3
37
31
38
38
38
38
31
31
17
17
17
17
28
28
28
7
7
48
5
5
5
5
5
3
3
3
42
42
42
42
19
19
19
19
43
29
13
38
38
19
19
24
24
24
45
45
45
45
34
34
26
12
12
12
38
38
38
38
38
38
38
34
