23
38
40
40
40
14
14
14
47
47
4
6
6
50
50
50
50
50
15
15
15
48
48
27
25
29
21
7
7
6
6
1
1
1
34
44
44
22
22
22
1
1
1
1
31
31
31
31
19
14
14
14
43
43
6
6
46
46
46
3
3
3
37
38
7
44
13
24
24
19
19
19
23
23
23
1
1
1
1
1
1
30
39
1
30
30
30
30
30
30
38
38
38
36
36
41
41
41
19
36
36
2
2
2
47
49
39
39
42
42
40
40
40
19
3
3
3
3
3
3
3
3
3
3
24
24
24
1
17
17
17
39
46
40
40
40
19
6
6
6
6
6
6
13
48
48
48
48
48
41
49
37
37
37
37
36
30
10
15
15
45
9
9
49
16
16
50
48
22
20
20
13
11
11
20
6
41
41
41
41
40
40
40
8
8
13
25
39
9
37
37
42
42
42
2
7
7
1
1
28
28
28
