45
45
45
45
45
45
45
4
4
4
28
29
29
29
33
26
26
26
26
26
4
4
18
6
6
6
13
48
48
48
17
20
20
20
20
20
20
23
23
35
18
49
42
42
43
45
29
29
29
29
29
29
29
29
7
39
43
20
20
29
14
17
17
17
35
35
45
38
40
40
40
34
2
13
13
13
13
3
3
3
3
3
3
3
4
4
29
46
21
21
21
21
21
21
22
9
9
33
22
42
42
4
4
44
11
11
50
40
50
50
5
28
28
20
15
15
15
15
15
15
4
4
4
4
4
7
6
28
28
28
3
3
12
12
12
23
23
11
11
27
27
50
50
50
48
8
8
8
6
6
44
13
13
13
13
33
15
21
3
3
9
9
9
27
33
33
31
31
31
43
43
10
16
17
31
31
2
34
34
47
24
5
6
6
43
43
43
43
43
43
43
38
38
50
9
9
9
7
7
3
15
29
