12
12
12
12
12
27
20
20
28
28
28
34
34
34
20
20
32
17
29
29
29
29
29
29
29
29
29
29
1
25
25
46
41
40
40
40
40
40
40
40
5
5
30
30
41
23
23
6
6
6
6
6
23
23
21
21
49
49
1
1
41
30
30
30
30
35
9
9
9
9
9
49
43
37
37
37
30
32
34
34
34
34
34
1
45
2
39
39
4
4
9
9
9
21
13
46
46
19
19
18
18
42
29
29
29
33
31
31
31
6
30
6
6
6
9
18
18
25
25
2
2
2
2
22
4
4
4
4
4
4
4
4
49
8
30
24
20
20
22
22
34
34
11
11
47
50
50
24
47
47
47
9
4
2
2
4
41
41
45
45
45
22
24
19
19
19
37
47
28
28
6
6
6
6
6
6
6
47
21
21
21
45
1
1
1
1
11
1
45
38
38
20
20
20
20
37
29
41
44
28
28
6
