39
39
16
16
16
16
26
26
16
39
39
39
39
15
48
13
33
1
38
25
25
28
28
26
26
41
41
41
41
7
32
32
32
32
32
39
8
7
11
36
36
26
26
26
9
9
9
38
38
34
8
10
31
1
36
36
28
28
28
20
20
20
20
46
46
24
24
24
25
25
25
24
24
24
24
5
5
5
35
35
30
1
1
1
29
22
16
40
40
47
47
2
42
16
10
10
9
39
37
37
11
29
29
29
29
42
42
28
50
50
50
21
21
21
21
44
44
44
4
4
3
3
3
25
32
32
32
23
46
46
20
20
20
20
20
20
20
29
29
29
29
34
34
34
17
17
8
34
34
34
34
34
46
46
46
8
5
5
5
25
7
7
7
39
23
24
32
22
46
8
38
4
4
4
4
9
40
40
36
36
36
36
31
48
48
4
4
21
21
18
18
18
40
40
40
40
40
20
20
20
20
20
