17
16
28
28
28
28
28
49
7
7
7
25
25
22
41
41
8
8
11
49
49
41
41
41
41
10
46
46
46
18
18
18
18
18
18
18
18
17
43
43
43
8
48
48
48
35
16
16
16
16
16
16
36
8
8
19
50
36
17
7
13
7
7
7
7
7
7
7
7
41
18
18
18
34
26
26
26
26
37
42
48
48
48
48
48
48
48
21
49
49
44
47
47
47
47
47
47
18
18
10
10
10
8
36
38
38
9
9
32
32
27
7
16
16
45
45
45
1
1
1
1
22
22
22
5
5
5
5
5
5
5
5
5
5
20
20
4
10
35
20
45
45
45
29
7
7
7
7
49
42
25
15
15
45
45
45
45
45
45
45
28
44
44
14
15
15
48
48
9
9
9
9
28
28
28
31
48
22
22
22
22
22
29
29
29
29
29
33
33
33
36
39
27
27
18
8
8
8
17
17
17
17
