48
48
48
34
34
34
35
35
35
35
35
36
31
50
50
50
50
38
32
32
43
43
34
34
38
38
38
40
40
38
14
14
47
47
33
33
49
49
45
45
45
45
7
22
19
19
19
19
19
19
24
43
49
49
49
49
49
49
37
37
8
8
8
26
5
23
40
43
43
41
41
41
41
7
7
43
46
5
5
5
32
17
31
11
11
11
17
18
37
6
46
20
20
20
8
8
8
3
3
3
3
18
18
18
4
42
24
24
24
24
16
15
20
22
22
22
44
32
1
21
4
35
31
45
45
45
45
45
45
1
24
24
11
11
11
26
40
40
4
4
4
5
5
29
50
50
49
2
2
43
43
43
43
43
38
38
16
16
16
16
49
23
8
29
29
29
35
34
34
19
3
37
37
19
20
10
18
32
16
16
18
18
18
14
5
28
9
9
9
24
24
24
24
24
31
31
44
31
31
36
36
34
