46
16
31
31
31
44
44
44
49
49
49
49
12
50
48
16
10
10
16
16
16
16
47
47
47
13
13
13
32
32
32
29
29
29
29
29
26
26
41
41
28
37
37
37
37
37
37
37
40
40
32
32
38
20
20
20
20
20
32
28
35
35
39
13
17
17
16
16
32
32
49
9
9
9
13
31
31
31
31
45
11
11
29
29
33
31
31
31
25
48
48
48
43
43
1
1
18
48
13
28
28
50
24
24
24
28
28
13
38
37
37
19
19
19
19
35
35
40
40
28
6
6
6
50
50
50
35
42
42
35
6
6
40
29
29
29
22
2
2
2
22
43
29
12
12
14
14
44
44
44
44
37
37
25
25
32
32
42
42
42
28
28
28
28
28
28
5
12
12
12
4
4
4
4
4
30
30
30
30
15
48
36
24
24
24
16
16
16
16
16
16
14
14
27
27
27
40
21
21
10
13
13
