17
17
21
21
21
42
44
46
5
5
35
35
35
40
16
5
26
26
43
43
44
22
22
22
13
13
29
29
29
39
39
39
39
25
25
33
14
47
47
47
47
25
6
36
36
28
29
29
29
29
29
29
29
29
29
29
29
29
39
11
11
13
13
13
13
13
13
13
13
13
13
45
34
34
22
19
2
2
25
25
45
45
45
45
45
45
45
22
28
33
33
33
33
38
38
1
26
18
18
18
13
13
13
13
13
36
14
14
39
39
39
39
29
24
23
3
3
12
12
30
43
43
8
8
8
8
8
8
8
8
8
46
49
49
10
10
10
10
10
10
33
9
27
27
2
28
18
43
32
32
32
32
32
32
32
32
32
32
13
6
17
8
27
27
24
22
22
22
37
37
9
33
10
10
10
10
10
44
44
42
23
22
42
27
44
38
18
18
50
50
50
50
26
31
31
19
19
19
47
45
45
45
