3
3
12
25
25
25
25
25
46
46
19
46
46
46
30
30
14
14
29
39
39
39
20
20
41
21
46
32
33
33
33
33
16
16
12
45
45
45
45
45
45
45
17
17
17
14
14
14
14
14
14
14
14
14
22
22
41
16
25
25
11
12
12
12
35
35
48
11
40
40
40
43
26
26
2
12
21
37
42
42
32
32
42
42
36
23
9
9
9
9
9
9
44
44
44
21
21
21
28
25
8
47
47
33
33
33
33
33
14
28
28
33
22
22
30
30
12
12
12
16
16
16
16
44
44
44
49
8
15
15
15
15
6
6
32
32
47
25
25
6
37
20
30
26
26
10
10
30
35
35
33
17
44
16
16
16
16
16
5
25
36
9
9
9
9
9
29
29
9
31
50
50
50
50
50
31
31
11
11
22
34
16
13
13
46
39
44
39
39
39
39
2
2
2
14
14
14
26
43
28
1
1
